/*--------------------------------*- C++ -*----------------------------------*\
| =========                 |                                                 |
| \\      /  F ield         | OpenFOAM: The Open Source CFD Toolbox           |
|  \\    /   O peration     | Version:  5.x                                   |
|   \\  /    A nd           | Web:      www.OpenFOAM.org                      |
|    \\/     M anipulation  |                                                 |
\*---------------------------------------------------------------------------*/
FoamFile
{
    version     2.0;
    format      ascii;
    class       volScalarField;
    location    "300";
    object      p;
}
// * * * * * * * * * * * * * * * * * * * * * * * * * * * * * * * * * * * * * //

dimensions      [0 2 -2 0 0 0 0];

internalField   nonuniform List<scalar> 
11040
(
-0.00605902
-386.707
-512.897
-480.42
-421.76
-374.63
-340.176
-310.602
-269.255
-226.122
-187.636
-153.686
-123.009
-95.0917
-70.1016
-48.1394
-27.243
-3.57928
20.6869
44.2329
67.1633
88.8032
108.656
127.258
145.081
162.214
177.303
190.513
202.761
214.349
225.346
235.861
246.021
255.952
265.739
275.466
285.136
295.125
304.842
316.56
323.666
155.871
-116.623
-286.722
-351.342
-358.9
-343.455
-321.94
-298.478
-263.788
-224.614
-187.597
-154.139
-123.652
-95.7522
-70.5977
-48.2913
-27.1964
-3.82527
20.2308
43.6994
66.5977
88.2105
108.062
126.665
144.451
161.515
176.643
189.941
202.253
213.888
224.927
235.478
245.668
255.623
265.431
275.175
284.855
294.864
304.548
316.491
323.016
231.185
10.6602
-177.267
-281.007
-314.149
-312.12
-297.891
-279.878
-252.552
-218.36
-183.714
-151.525
-121.885
-94.5146
-69.5629
-47.1841
-26.1456
-3.29102
20.4452
43.7682
66.5611
88.097
107.897
126.454
144.148
161.102
176.259
189.629
201.974
213.632
224.692
235.261
245.465
255.431
265.246
274.994
284.67
294.677
304.323
316.368
322.763
273.559
110.117
-56.8318
-178.267
-240.54
-261.822
-262.272
-253.452
-234.862
-207.462
-176.82
-146.882
-118.662
-92.203
-67.7171
-45.4308
-24.511
-2.233
21.0584
44.1324
66.7451
88.1397
107.837
126.307
143.875
160.681
175.836
189.264
201.639
213.315
224.395
234.98
245.195
255.168
264.983
274.726
284.384
294.365
303.954
315.926
322.185
297.201
178.436
44.7796
-74.5062
-156.437
-200.309
-217.523
-219.723
-210.599
-191.298
-166.148
-139.517
-113.401
-88.3437
-64.6839
-42.7403
-22.0639
-0.470206
22.1855
44.86
67.1896
88.3626
107.894
126.225
143.623
160.233
175.345
188.823
201.227
212.918
224.011
234.606
244.824
254.792
264.594
274.31
283.926
293.833
303.321
314.997
320.952
309.543
222.698
120.874
17.1709
-69.2409
-128.25
-161.53
-176.605
-178.338
-168.5
-150.461
-128.503
-105.42
-82.4036
-60.0584
-38.8319
-18.6149
2.1774
24.0084
46.1077
68.026
88.8777
108.161
126.282
143.453
159.812
174.828
188.329
200.751
212.442
223.535
234.126
244.332
254.276
264.041
273.7
283.234
292.998
302.314
313.45
319.058
314.79
250.021
174.157
91.233
12.3435
-51.8782
-96.7427
-124.104
-137.237
-137.821
-128.4
-112.681
-93.8373
-73.7168
-53.3305
-33.3226
-13.8923
5.93645
26.7394
48.0477
69.3871
89.789
108.717
126.541
143.416
159.463
174.316
187.794
200.207
211.876
222.945
233.511
243.679
253.571
263.263
272.818
282.213
291.745
300.792
311.161
316.448
315.778
266.403
209.828
146.337
80.7717
20.2647
-29.0147
-64.8967
-87.9793
-98.7896
-98.8041
-90.725
-77.5049
-61.3821
-43.7934
-25.6639
-7.49841
11.1129
30.662
50.9248
71.463
91.244
109.68
127.092
143.586
159.252
173.859
187.245
199.608
211.219
222.229
232.733
242.827
252.622
262.191
271.579
280.758
289.951
298.612
308.044
313.059
314.247
275.804
233.034
185.116
133.566
81.9458
34.9441
-4.00142
-33.5074
-52.6415
-61.5896
-61.7586
-55.2971
-44.3371
-30.5528
-15.1411
1.10458
18.1058
36.1202
55.0443
74.5096
93.4575
111.231
128.085
144.083
159.282
173.545
186.742
198.987
210.486
221.385
231.775
241.742
251.383
260.761
269.902
278.77
287.512
295.671
304.079
308.878
311.316
280.819
247.89
211.594
172.084
130.675
90.0191
52.9698
21.4867
-2.60592
-18.4245
-26.1202
-26.7221
-21.7439
-12.7149
-0.930957
12.6095
27.4453
43.5381
60.7734
78.8402
96.6915
113.595
129.717
145.077
159.699
173.5
186.388
198.414
209.723
220.439
230.644
240.412
249.824
258.928
267.731
276.19
284.38
291.945
299.337
303.948
307.709
283.128
257.309
229.468
199.332
167.146
134.102
101.965
72.3083
46.9841
27.3828
14.2082
7.45174
6.4638
10.2307
17.6536
27.7177
39.7411
53.4267
68.56
84.8393
101.264
117.038
132.218
146.768
160.676
173.882
186.319
198
209.011
219.446
229.374
238.853
247.946
256.684
265.056
273.013
280.582
287.502
293.972
298.371
303.9
283.826
263.251
241.562
218.415
193.661
167.704
141.438
115.812
92.203
71.9218
55.9945
45.0323
39.1311
37.9316
40.7762
46.8676
55.5148
66.2899
78.8759
92.9447
107.564
121.898
135.876
149.402
162.424
174.878
186.703
197.885
208.464
218.498
228.037
237.119
245.79
254.067
261.923
269.308
276.224
282.493
288.178
292.324
300.193
283.631
267.01
249.859
231.868
212.789
192.68
171.921
150.975
130.684
111.99
95.821
82.9765
73.961
68.9298
67.7118
69.8766
74.9156
82.4352
92.0972
103.561
115.993
128.549
141.035
153.287
165.209
176.72
187.747
198.253
208.239
217.729
226.747
235.314
243.456
251.178
258.446
265.213
271.476
277.122
282.159
286.036
296.767
282.999
269.429
255.69
241.53
226.703
211.144
194.983
178.398
161.841
145.883
131.179
118.422
108.21
100.949
96.8119
95.719
97.43
101.709
108.299
116.91
126.851
137.321
148.028
158.746
169.335
179.688
189.712
199.343
208.553
217.335
225.687
233.611
241.119
248.202
254.824
260.949
266.577
271.643
276.14
279.754
293.721
282.217
271.05
259.93
248.655
237.019
224.92
212.381
199.449
186.339
173.362
160.917
149.489
139.579
131.627
125.947
122.682
121.823
123.315
127.045
132.828
140.165
148.361
157.071
166.033
175.073
184.058
192.874
201.433
209.68
217.583
225.12
232.273
239.042
245.411
251.346
256.818
261.834
266.36
270.389
273.744
291.119
281.478
272.235
263.158
254.093
244.869
235.388
225.632
215.591
205.364
195.107
185.041
175.467
166.734
159.197
153.172
148.881
146.439
145.925
147.354
150.663
155.557
161.496
168.142
175.231
182.577
190.033
197.472
204.788
211.908
218.78
225.364
231.633
237.573
243.163
248.374
253.181
257.598
261.607
265.203
268.284
289.015
280.929
273.253
265.803
258.46
251.087
243.596
235.958
228.148
220.205
212.207
204.269
196.568
189.324
182.784
177.195
172.768
169.654
167.988
167.858
169.291
172.163
176.101
180.821
186.09
191.733
197.609
203.589
209.564
215.452
221.189
226.727
232.029
237.074
241.84
246.299
250.431
254.249
257.745
260.912
263.692
287.414
280.565
274.11
267.903
261.854
255.849
249.814
243.717
237.534
231.279
224.992
218.735
212.613
206.762
201.345
196.535
192.495
189.36
187.265
186.319
186.589
188.059
190.494
193.675
197.42
201.582
206.039
210.673
215.383
220.089
224.725
229.242
233.6
237.774
241.742
245.476
248.961
252.206
255.205
257.95
260.406
286.223
280.334
274.814
269.548
264.466
259.47
254.496
249.518
244.51
239.478
234.443
229.44
224.534
219.813
215.381
211.361
207.869
205.012
202.901
201.638
201.297
201.912
203.341
205.426
208.032
211.043
214.359
217.883
221.527
225.218
228.897
232.518
236.041
239.442
242.698
245.786
248.69
251.417
253.96
256.312
258.448
285.34
280.217
275.432
270.899
266.56
262.33
258.154
254.008
249.87
245.742
241.635
237.57
233.59
229.752
226.128
222.801
219.855
217.369
215.428
214.116
213.5
213.632
214.424
215.766
217.559
219.717
222.16
224.812
227.601
230.463
233.35
236.219
239.036
241.777
244.422
246.95
249.347
251.616
253.752
255.745
257.576
284.683
280.182
275.992
272.045
268.294
264.664
261.107
257.603
254.131
250.691
247.289
243.94
240.672
237.524
234.547
231.798
229.337
227.221
225.514
224.281
223.577
223.453
223.856
224.706
225.934
227.474
229.268
231.253
233.374
235.579
237.828
240.084
242.318
244.51
246.642
248.695
250.658
252.53
254.306
255.979
257.531
284.192
280.208
276.508
273.04
269.765
266.616
263.553
260.554
257.604
254.701
251.848
249.054
246.341
243.735
241.273
238.995
236.944
235.162
233.695
232.592
231.896
231.652
231.824
232.357
233.197
234.299
235.616
237.102
238.712
240.407
242.152
243.919
245.683
247.428
249.137
250.795
252.392
253.927
255.394
256.786
258.089
283.826
280.277
276.987
273.917
271.034
268.279
265.615
263.024
260.491
258.015
255.597
253.243
250.968
248.793
246.742
244.846
243.136
241.641
240.395
239.434
238.791
238.503
238.543
238.871
239.449
240.241
241.212
242.328
243.553
244.856
246.211
247.593
248.984
250.37
251.736
253.071
254.365
255.618
256.824
257.975
259.061
283.555
280.375
277.432
274.697
272.142
269.714
267.379
265.122
262.93
260.799
258.731
256.73
254.806
252.975
251.256
249.669
248.239
246.985
245.932
245.108
244.535
244.244
244.213
244.411
244.811
245.385
246.107
246.95
247.886
248.891
249.945
251.029
252.127
253.227
254.319
255.393
256.44
257.46
258.447
259.396
260.296
283.355
280.492
277.846
275.396
273.119
270.965
268.905
266.925
265.014
263.167
261.385
259.671
258.032
256.48
255.029
253.695
252.493
251.44
250.553
249.851
249.351
249.077
249.011
249.128
249.407
249.828
250.369
251.011
251.731
252.512
253.335
254.188
255.056
255.932
256.806
257.67
258.517
259.347
260.154
260.934
261.679
283.21
280.621
278.231
276.026
273.985
272.065
270.237
268.49
266.812
265.201
263.656
262.178
260.773
259.449
258.218
257.089
256.076
255.189
254.441
253.846
253.416
253.168
253.087
253.153
253.351
253.663
254.074
254.567
255.125
255.735
256.383
257.057
257.747
258.447
259.148
259.844
260.531
261.207
261.867
262.508
263.123
283.108
280.757
278.589
276.595
274.758
273.037
271.407
269.857
268.377
266.964
265.616
264.334
263.123
261.988
260.937
259.978
259.12
258.371
257.74
257.237
256.869
256.65
256.566
256.601
256.743
256.977
257.293
257.676
258.113
258.593
259.106
259.642
260.193
260.755
261.319
261.883
262.441
262.992
263.533
264.06
264.567
283.038
280.895
278.92
277.11
275.449
273.9
272.44
271.059
269.747
268.501
267.32
266.203
265.153
264.175
263.274
262.456
261.727
261.093
260.559
260.133
259.82
259.63
259.549
259.566
259.669
259.848
260.093
260.393
260.739
261.12
261.529
261.958
262.401
262.854
263.311
263.769
264.224
264.675
265.118
265.553
265.972
282.993
281.032
279.227
277.578
276.07
274.67
273.357
272.12
270.952
269.849
268.809
267.832
266.918
266.072
265.296
264.595
263.974
263.435
262.983
262.623
262.357
262.193
262.12
262.125
262.202
262.34
262.533
262.771
263.047
263.352
263.68
264.026
264.385
264.752
265.124
265.497
265.869
266.24
266.605
266.964
267.311
282.967
281.167
279.511
278.002
276.629
275.358
274.172
273.061
272.017
271.037
270.118
269.259
268.461
267.726
267.056
266.453
265.922
265.463
265.08
264.774
264.549
264.41
264.344
264.343
264.401
264.511
264.664
264.855
265.076
265.323
265.589
265.869
266.161
266.461
266.765
267.071
267.376
267.681
267.983
268.28
268.568
282.956
281.297
279.773
278.388
277.131
275.974
274.899
273.897
272.961
272.087
271.272
270.514
269.815
269.174
268.594
268.075
267.619
267.228
266.902
266.643
266.453
266.334
266.277
266.274
266.318
266.406
266.529
266.684
266.863
267.064
267.281
267.51
267.749
267.994
268.244
268.496
268.748
269
269.25
269.497
269.736
282.956
281.421
280.013
278.737
277.584
276.527
275.549
274.642
273.8
273.017
272.292
271.623
271.008
270.448
269.944
269.496
269.104
268.769
268.492
268.273
268.112
268.012
267.963
267.959
267.994
268.065
268.165
268.292
268.439
268.603
268.781
268.969
269.166
269.368
269.574
269.783
269.992
270.201
270.408
270.614
270.814
282.964
281.539
280.233
279.054
277.992
277.022
276.129
275.306
274.545
273.844
273.197
272.603
272.062
271.572
271.133
270.745
270.408
270.121
269.885
269.7
269.564
269.48
269.438
269.434
269.463
269.521
269.604
269.708
269.829
269.965
270.112
270.268
270.43
270.598
270.769
270.941
271.115
271.289
271.462
271.634
271.8
282.977
281.65
280.435
279.34
278.358
277.465
276.647
275.898
275.209
274.578
274
273.472
272.994
272.564
272.181
271.845
271.555
271.31
271.109
270.952
270.838
270.768
270.733
270.729
270.754
270.802
270.871
270.957
271.058
271.171
271.293
271.422
271.557
271.697
271.839
271.983
272.128
272.273
272.417
272.561
272.7
282.995
281.753
280.618
279.598
278.686
277.861
277.11
276.425
275.8
275.23
274.712
274.243
273.82
273.442
273.108
272.817
272.567
272.357
272.186
272.054
271.958
271.9
271.872
271.869
271.89
271.93
271.988
272.061
272.145
272.239
272.341
272.449
272.562
272.678
272.797
272.917
273.038
273.159
273.28
273.401
273.517
283.015
281.848
280.783
279.829
278.98
278.215
277.522
276.894
276.325
275.81
275.345
274.926
274.552
274.22
273.928
273.676
273.461
273.281
273.136
273.025
272.945
272.897
272.874
272.873
272.891
272.926
272.976
273.037
273.108
273.187
273.272
273.363
273.457
273.554
273.654
273.755
273.856
273.958
274.059
274.16
274.258
283.036
281.935
280.932
280.036
279.241
278.528
277.887
277.31
276.791
276.324
275.905
275.532
275.2
274.908
274.654
274.435
274.25
274.097
273.974
273.881
273.815
273.776
273.758
273.758
273.775
273.805
273.847
273.899
273.959
274.026
274.098
274.174
274.253
274.335
274.418
274.503
274.588
274.673
274.758
274.843
274.925
283.057
282.014
281.064
280.218
279.471
278.805
278.209
277.677
277.202
276.777
276.4
276.066
275.773
275.516
275.294
275.105
274.946
274.817
274.713
274.636
274.581
274.55
274.537
274.539
274.554
274.581
274.618
274.663
274.714
274.771
274.832
274.896
274.963
275.032
275.102
275.173
275.244
275.316
275.388
275.459
275.528
283.079
282.084
281.18
280.378
279.673
279.047
278.492
277.999
277.562
277.176
276.836
276.537
276.277
276.051
275.859
275.696
275.56
275.45
275.364
275.3
275.256
275.232
275.223
275.226
275.241
275.265
275.297
275.336
275.38
275.428
275.48
275.534
275.591
275.649
275.708
275.767
275.827
275.888
275.948
276.007
276.065
283.099
282.145
281.281
280.516
279.846
279.256
278.736
278.278
277.876
277.524
277.216
276.949
276.719
276.521
276.354
276.214
276.099
276.007
275.936
275.884
275.85
275.833
275.827
275.832
275.847
275.869
275.898
275.932
275.97
276.012
276.057
276.103
276.151
276.201
276.251
276.301
276.352
276.403
276.453
276.503
276.552
283.117
282.198
281.367
280.633
279.994
279.434
278.945
278.517
278.146
277.824
277.545
277.306
277.103
276.93
276.786
276.667
276.57
276.494
276.436
276.395
276.369
276.357
276.355
276.361
276.375
276.396
276.422
276.452
276.485
276.521
276.559
276.599
276.64
276.681
276.723
276.766
276.808
276.851
276.893
276.935
276.976
283.133
282.241
281.437
280.729
280.115
279.582
279.119
278.718
278.374
278.078
277.826
277.613
277.433
277.283
277.159
277.059
276.979
276.917
276.872
276.841
276.823
276.817
276.819
276.828
276.844
276.864
276.888
276.916
276.946
276.978
277.012
277.047
277.082
277.118
277.154
277.191
277.227
277.263
277.299
277.334
277.368
283.147
282.275
281.491
280.804
280.211
279.699
279.258
278.882
278.561
278.29
278.061
277.87
277.712
277.582
277.477
277.394
277.329
277.28
277.245
277.223
277.211
277.209
277.213
277.223
277.238
277.258
277.28
277.305
277.331
277.359
277.388
277.418
277.449
277.479
277.51
277.541
277.571
277.601
277.631
277.661
277.689
283.158
282.299
281.53
280.858
280.28
279.786
279.364
279.008
278.708
278.458
278.251
278.08
277.942
277.831
277.743
277.676
277.626
277.59
277.567
277.555
277.552
277.557
277.568
277.583
277.601
277.622
277.646
277.67
277.696
277.723
277.75
277.777
277.805
277.832
277.859
277.886
277.912
277.938
277.964
277.989
278.013
283.167
282.316
281.556
280.895
280.329
279.847
279.44
279.1
278.818
278.586
278.397
278.245
278.125
278.031
277.959
277.905
277.867
277.841
277.825
277.819
277.82
277.827
277.838
277.853
277.87
277.89
277.911
277.934
277.958
277.981
278.006
278.03
278.054
278.078
278.101
278.124
278.147
278.169
278.19
278.211
278.231
283.172
282.322
281.566
280.911
280.352
279.881
279.486
279.159
278.892
278.676
278.503
278.367
278.263
278.185
278.129
278.091
278.068
278.058
278.058
278.065
278.079
278.098
278.119
278.142
278.166
278.191
278.217
278.242
278.267
278.292
278.316
278.339
278.362
278.384
278.405
278.426
278.445
278.465
278.483
278.501
278.518
283.171
282.308
281.545
280.887
280.33
279.864
279.48
279.166
278.913
278.713
278.556
278.437
278.347
278.282
278.238
278.209
278.194
278.188
278.19
278.199
278.213
278.231
278.251
278.273
278.297
278.321
278.346
278.371
278.395
278.419
278.442
278.464
278.486
278.506
278.526
278.545
278.563
278.58
278.596
278.612
278.627
283.164
282.279
281.501
280.832
280.27
279.804
279.425
279.12
278.879
278.692
278.552
278.45
278.38
278.337
278.315
278.311
278.321
278.341
278.369
278.401
278.437
278.475
278.512
278.548
278.583
278.616
278.646
278.674
278.701
278.726
278.75
278.772
278.793
278.812
278.831
278.848
278.864
278.879
278.893
278.907
278.919
359.772
331.034
315.07
313.625
311.211
307.285
304.161
301.853
299.861
298.08
296.53
295.185
294.002
292.955
292.027
291.203
290.467
289.81
289.222
288.695
288.221
287.795
287.411
287.066
286.754
286.472
286.217
285.987
285.779
285.59
285.419
285.264
285.124
284.996
284.88
284.775
284.679
284.591
284.512
284.439
284.373
284.312
284.256
284.204
284.157
284.113
284.073
284.035
284
283.967
283.936
283.907
283.879
283.852
283.826
283.801
283.777
283.753
283.729
283.705
283.681
283.656
283.631
283.606
283.58
283.552
283.524
283.494
283.462
283.43
283.393
283.364
283.303
283.333
356.902
330.809
315.02
313.439
311.026
307.115
304.01
301.715
299.73
297.956
296.413
295.074
293.896
292.855
291.932
291.112
290.382
289.729
289.145
288.621
288.151
287.729
287.349
287.006
286.697
286.419
286.167
285.939
285.733
285.547
285.378
285.225
285.087
284.961
284.847
284.743
284.649
284.563
284.485
284.413
284.348
284.288
284.234
284.183
284.137
284.094
284.055
284.018
283.984
283.952
283.921
283.893
283.865
283.839
283.814
283.789
283.765
283.742
283.718
283.695
283.671
283.647
283.623
283.597
283.571
283.544
283.516
283.487
283.455
283.424
283.386
283.357
283.296
283.328
353.3
330.574
314.977
313.167
310.811
306.928
303.835
301.554
299.58
297.814
296.279
294.947
293.777
292.742
291.825
291.01
290.285
289.637
289.058
288.539
288.073
287.655
287.278
286.94
286.634
286.359
286.11
285.885
285.682
285.499
285.333
285.182
285.046
284.922
284.81
284.708
284.616
284.531
284.455
284.385
284.321
284.263
284.209
284.16
284.115
284.073
284.035
283.999
283.966
283.934
283.905
283.877
283.85
283.825
283.8
283.776
283.753
283.73
283.707
283.684
283.661
283.637
283.613
283.588
283.563
283.536
283.508
283.479
283.448
283.416
283.379
283.35
283.288
283.323
348.855
329.948
314.9
312.794
310.537
306.71
303.628
301.364
299.405
297.65
296.125
294.802
293.639
292.612
291.702
290.894
290.175
289.533
288.959
288.446
287.985
287.571
287.199
286.865
286.563
286.292
286.046
285.825
285.626
285.445
285.282
285.134
285
284.879
284.769
284.669
284.579
284.497
284.422
284.354
284.291
284.235
284.183
284.135
284.091
284.051
284.013
283.978
283.946
283.916
283.887
283.86
283.834
283.81
283.786
283.762
283.74
283.717
283.695
283.672
283.65
283.627
283.603
283.579
283.553
283.527
283.5
283.471
283.44
283.408
283.371
283.342
283.28
283.317
343.646
328.75
314.74
312.266
310.138
306.429
303.366
301.124
299.189
297.451
295.938
294.628
293.476
292.459
291.558
290.758
290.047
289.413
288.846
288.339
287.884
287.476
287.11
286.78
286.483
286.216
285.975
285.758
285.562
285.385
285.225
285.08
284.949
284.831
284.724
284.627
284.538
284.458
284.386
284.319
284.259
284.204
284.153
284.107
284.065
284.026
283.99
283.956
283.925
283.895
283.868
283.842
283.817
283.793
283.77
283.747
283.725
283.703
283.682
283.66
283.638
283.615
283.592
283.568
283.543
283.518
283.49
283.462
283.431
283.4
283.363
283.334
283.271
283.311
337.849
326.78
314.333
311.504
309.528
306.03
303.015
300.807
298.911
297.199
295.707
294.414
293.278
292.274
291.386
290.598
289.897
289.272
288.714
288.215
287.768
287.367
287.007
286.683
286.392
286.13
285.895
285.682
285.49
285.317
285.161
285.02
284.893
284.778
284.673
284.579
284.493
284.416
284.345
284.281
284.223
284.17
284.121
284.077
284.036
283.998
283.964
283.932
283.902
283.873
283.847
283.822
283.798
283.775
283.753
283.731
283.71
283.689
283.668
283.646
283.625
283.603
283.581
283.557
283.533
283.507
283.481
283.453
283.422
283.391
283.355
283.326
283.262
283.304
331.592
323.892
313.467
310.421
308.599
305.42
302.513
300.361
298.529
296.864
295.405
294.14
293.028
292.045
291.174
290.401
289.714
289.102
288.556
288.067
287.63
287.238
286.886
286.57
286.286
286.031
285.802
285.595
285.408
285.24
285.089
284.952
284.829
284.718
284.617
284.526
284.443
284.369
284.301
284.239
284.183
284.132
284.086
284.043
284.004
283.969
283.935
283.905
283.876
283.849
283.824
283.8
283.777
283.755
283.734
283.714
283.693
283.673
283.653
283.632
283.611
283.59
283.568
283.545
283.522
283.497
283.47
283.443
283.413
283.382
283.346
283.317
283.253
283.296
324.977
320.046
311.925
308.92
307.249
304.484
301.777
299.719
297.983
296.397
294.993
293.773
292.699
291.747
290.903
290.154
289.487
288.893
288.362
287.888
287.464
287.084
286.743
286.437
286.162
285.915
285.693
285.493
285.314
285.152
285.006
284.875
284.756
284.649
284.553
284.466
284.387
284.316
284.251
284.193
284.139
284.091
284.047
284.007
283.97
283.936
283.904
283.875
283.848
283.823
283.799
283.777
283.755
283.734
283.714
283.695
283.675
283.656
283.636
283.617
283.597
283.576
283.555
283.533
283.51
283.485
283.459
283.432
283.403
283.372
283.336
283.307
283.243
283.288
318.095
315.314
309.525
306.879
305.391
303.107
300.711
298.807
297.206
295.737
294.42
293.267
292.251
291.348
290.544
289.83
289.193
288.625
288.118
287.664
287.258
286.894
286.568
286.275
286.013
285.777
285.565
285.374
285.203
285.048
284.91
284.785
284.672
284.571
284.48
284.397
284.323
284.256
284.195
284.14
284.09
284.045
284.003
283.966
283.931
283.899
283.87
283.843
283.818
283.794
283.772
283.751
283.731
283.711
283.692
283.674
283.656
283.637
283.619
283.6
283.581
283.561
283.541
283.519
283.497
283.473
283.448
283.421
283.392
283.362
283.326
283.297
283.233
283.278
311.044
309.857
306.186
304.179
302.961
301.196
299.218
297.548
296.129
294.822
293.63
292.576
291.642
290.808
290.063
289.399
288.806
288.276
287.801
287.377
286.996
286.655
286.349
286.075
285.828
285.607
285.408
285.23
285.069
284.925
284.795
284.679
284.574
284.479
284.394
284.318
284.249
284.187
284.131
284.08
284.034
283.992
283.954
283.919
283.888
283.859
283.832
283.807
283.784
283.763
283.742
283.723
283.704
283.686
283.669
283.652
283.634
283.617
283.6
283.582
283.564
283.545
283.525
283.505
283.483
283.46
283.435
283.409
283.38
283.351
283.315
283.286
283.222
283.267
303.929
303.882
301.957
300.749
299.921
298.693
297.213
295.867
294.689
293.591
292.571
291.652
290.83
290.091
289.426
288.83
288.296
287.818
287.389
287.004
286.658
286.349
286.07
285.821
285.597
285.395
285.215
285.052
284.906
284.775
284.657
284.551
284.456
284.371
284.294
284.225
284.162
284.106
284.056
284.01
283.969
283.932
283.898
283.867
283.839
283.813
283.789
283.767
283.747
283.727
283.709
283.692
283.675
283.659
283.643
283.627
283.611
283.595
283.579
283.563
283.546
283.528
283.509
283.489
283.468
283.446
283.422
283.396
283.368
283.339
283.304
283.275
283.212
283.255
296.851
297.595
296.996
296.604
296.266
295.586
294.646
293.702
292.829
291.992
291.191
290.449
289.774
289.159
288.6
288.095
287.639
287.228
286.858
286.525
286.226
285.957
285.715
285.498
285.303
285.128
284.971
284.83
284.703
284.589
284.487
284.395
284.313
284.239
284.173
284.113
284.059
284.011
283.968
283.929
283.894
283.862
283.833
283.806
283.783
283.761
283.74
283.722
283.704
283.688
283.672
283.657
283.642
283.628
283.614
283.6
283.586
283.572
283.557
283.542
283.526
283.509
283.491
283.472
283.452
283.431
283.408
283.383
283.355
283.326
283.292
283.263
283.202
283.241
289.895
291.178
291.528
291.854
292.046
291.909
291.513
291.021
290.509
289.98
289.444
288.924
288.435
287.977
287.553
287.163
286.807
286.482
286.188
285.922
285.682
285.465
285.27
285.094
284.936
284.794
284.667
284.553
284.451
284.359
284.277
284.203
284.137
284.078
284.025
283.977
283.935
283.897
283.863
283.832
283.804
283.779
283.756
283.736
283.717
283.7
283.684
283.669
283.655
283.642
283.63
283.618
283.606
283.594
283.582
283.57
283.558
283.545
283.532
283.519
283.504
283.489
283.472
283.454
283.435
283.415
283.392
283.368
283.341
283.313
283.279
283.25
283.191
283.224
283.161
284.798
285.797
286.691
287.376
287.748
287.868
287.839
287.722
287.538
287.305
287.045
286.778
286.512
286.254
286.007
285.774
285.558
285.359
285.176
285.009
284.857
284.719
284.595
284.484
284.383
284.293
284.212
284.14
284.076
284.018
283.967
283.921
283.881
283.844
283.812
283.784
283.758
283.735
283.715
283.697
283.68
283.666
283.652
283.64
283.629
283.618
283.608
283.599
283.59
283.581
283.573
283.564
283.555
283.546
283.537
283.527
283.516
283.505
283.493
283.48
283.466
283.451
283.435
283.417
283.398
283.376
283.353
283.327
283.299
283.266
283.236
283.181
283.205
276.804
278.65
280.066
281.362
282.448
283.256
283.83
284.236
284.514
284.687
284.776
284.804
284.789
284.744
284.679
284.602
284.519
284.433
284.349
284.267
284.19
284.117
284.051
283.99
283.934
283.884
283.839
283.8
283.764
283.733
283.705
283.681
283.66
283.642
283.626
283.613
283.601
283.591
283.582
283.574
283.568
283.562
283.557
283.552
283.548
283.544
283.54
283.537
283.533
283.529
283.525
283.521
283.516
283.51
283.505
283.498
283.491
283.483
283.474
283.464
283.454
283.442
283.428
283.413
283.397
283.379
283.358
283.336
283.311
283.284
283.252
283.222
283.171
283.184
271.04
272.97
274.619
276.16
277.522
278.658
279.593
280.365
280.997
281.507
281.913
282.232
282.482
282.676
282.826
282.94
283.027
283.092
283.142
283.18
283.209
283.231
283.249
283.263
283.276
283.286
283.296
283.305
283.314
283.323
283.331
283.34
283.349
283.357
283.366
283.374
283.383
283.391
283.399
283.407
283.414
283.421
283.428
283.434
283.439
283.444
283.449
283.452
283.455
283.458
283.459
283.46
283.46
283.459
283.457
283.454
283.45
283.446
283.44
283.432
283.424
283.414
283.402
283.389
283.375
283.358
283.339
283.318
283.294
283.268
283.237
283.207
283.161
283.16
266.144
268.043
269.769
271.408
272.912
274.248
275.427
276.465
277.375
278.164
278.845
279.43
279.931
280.36
280.726
281.04
281.308
281.538
281.737
281.908
282.058
282.189
282.304
282.406
282.498
282.579
282.653
282.72
282.781
282.837
282.889
282.936
282.98
283.02
283.058
283.093
283.125
283.155
283.183
283.209
283.233
283.255
283.275
283.294
283.311
283.326
283.34
283.353
283.364
283.374
283.382
283.389
283.395
283.399
283.402
283.403
283.404
283.402
283.4
283.396
283.39
283.383
283.374
283.363
283.35
283.335
283.318
283.298
283.275
283.25
283.22
283.19
283.15
283.134
262.549
264.32
265.993
267.603
269.121
270.524
271.813
272.995
274.071
275.043
275.919
276.702
277.402
278.025
278.579
279.069
279.505
279.891
280.234
280.538
280.81
281.052
281.269
281.464
281.639
281.797
281.94
282.07
282.188
282.296
282.395
282.485
282.567
282.643
282.713
282.777
282.836
282.891
282.941
282.987
283.029
283.068
283.104
283.137
283.167
283.194
283.219
283.241
283.261
283.279
283.295
283.309
283.321
283.332
283.34
283.346
283.351
283.354
283.355
283.355
283.352
283.348
283.342
283.333
283.323
283.31
283.295
283.277
283.255
283.231
283.203
283.173
283.137
283.107
260.293
261.881
263.42
264.919
266.36
267.729
269.023
270.24
271.379
272.438
273.418
274.32
275.148
275.904
276.593
277.218
277.786
278.3
278.765
279.186
279.566
279.91
280.221
280.503
280.759
280.991
281.202
281.395
281.57
281.73
281.877
282.011
282.133
282.246
282.349
282.443
282.53
282.61
282.684
282.751
282.813
282.87
282.922
282.969
283.013
283.053
283.089
283.122
283.152
283.178
283.202
283.224
283.243
283.259
283.273
283.285
283.295
283.302
283.308
283.311
283.312
283.311
283.307
283.302
283.294
283.283
283.27
283.253
283.234
283.211
283.184
283.154
283.122
283.081
259.145
260.525
261.889
263.231
264.541
265.812
267.038
268.215
269.339
270.406
271.416
272.365
273.254
274.084
274.854
275.568
276.227
276.835
277.393
277.905
278.374
278.804
279.197
279.556
279.885
280.185
280.46
280.711
280.942
281.152
281.345
281.522
281.685
281.834
281.971
282.096
282.211
282.317
282.414
282.504
282.586
282.661
282.73
282.793
282.851
282.903
282.952
282.995
283.035
283.071
283.104
283.133
283.159
283.182
283.203
283.22
283.235
283.247
283.257
283.264
283.269
283.271
283.271
283.268
283.263
283.254
283.243
283.229
283.211
283.189
283.164
283.134
283.105
283.055
258.849
260.019
261.191
262.358
263.512
264.649
265.764
266.852
267.909
268.93
269.913
270.853
271.75
272.601
273.405
274.163
274.874
275.538
276.158
276.735
277.27
277.765
278.224
278.647
279.037
279.397
279.728
280.033
280.313
280.571
280.809
281.027
281.228
281.412
281.582
281.738
281.881
282.013
282.135
282.246
282.348
282.442
282.529
282.608
282.68
282.747
282.807
282.862
282.913
282.959
283
283.037
283.071
283.101
283.128
283.151
283.171
283.188
283.203
283.214
283.223
283.229
283.232
283.232
283.229
283.224
283.215
283.202
283.186
283.166
283.142
283.114
283.086
283.031
259.186
260.158
261.143
262.133
263.124
264.112
265.095
266.068
267.026
267.966
268.883
269.774
270.637
271.469
272.266
273.029
273.755
274.443
275.094
275.707
276.284
276.824
277.328
277.799
278.237
278.645
279.023
279.373
279.697
279.997
280.275
280.531
280.767
280.986
281.187
281.373
281.544
281.701
281.846
281.98
282.103
282.216
282.319
282.415
282.502
282.582
282.656
282.723
282.784
282.84
282.891
282.937
282.978
283.015
283.049
283.078
283.104
283.127
283.146
283.162
283.174
283.184
283.191
283.194
283.194
283.191
283.185
283.174
283.16
283.142
283.119
283.091
283.064
283.007
259.967
260.762
261.574
262.398
263.232
264.073
264.919
265.765
266.609
267.447
268.276
269.093
269.894
270.676
271.436
272.173
272.884
273.567
274.222
274.846
275.439
276.002
276.533
277.034
277.505
277.947
278.36
278.746
279.107
279.442
279.754
280.043
280.312
280.561
280.791
281.004
281.201
281.384
281.552
281.707
281.85
281.982
282.103
282.215
282.317
282.411
282.498
282.577
282.649
282.716
282.776
282.831
282.88
282.925
282.965
283.001
283.033
283.061
283.086
283.106
283.123
283.137
283.147
283.154
283.157
283.157
283.153
283.145
283.133
283.116
283.095
283.068
283.04
282.985
261.042
261.683
262.342
263.018
263.709
264.412
265.125
265.847
266.574
267.304
268.034
268.761
269.483
270.197
270.899
271.588
272.261
272.916
273.55
274.163
274.752
275.317
275.856
276.37
276.858
277.32
277.757
278.168
278.554
278.916
279.255
279.572
279.868
280.144
280.4
280.638
280.859
281.064
281.254
281.43
281.592
281.742
281.881
282.009
282.126
282.234
282.334
282.425
282.509
282.586
282.656
282.72
282.778
282.83
282.878
282.921
282.959
282.993
283.022
283.048
283.069
283.087
283.101
283.112
283.118
283.121
283.12
283.114
283.104
283.089
283.07
283.043
283.015
282.962
262.29
262.803
263.332
263.88
264.444
265.024
265.616
266.221
266.835
267.459
268.088
268.722
269.358
269.993
270.625
271.252
271.871
272.481
273.078
273.661
274.228
274.778
275.309
275.82
276.31
276.779
277.225
277.65
278.052
278.432
278.791
279.128
279.445
279.742
280.02
280.279
280.521
280.747
280.957
281.151
281.332
281.499
281.654
281.798
281.93
282.052
282.165
282.268
282.364
282.451
282.531
282.604
282.671
282.731
282.786
282.836
282.881
282.92
282.956
282.986
283.013
283.035
283.053
283.067
283.077
283.083
283.084
283.081
283.074
283.061
283.043
283.018
282.989
282.939
263.623
264.03
264.451
264.891
265.349
265.821
266.307
266.806
267.319
267.843
268.376
268.919
269.468
270.021
270.578
271.136
271.692
272.246
272.794
273.335
273.867
274.388
274.896
275.39
275.869
276.331
276.776
277.203
277.611
277.999
278.369
278.719
279.051
279.363
279.658
279.935
280.194
280.437
280.664
280.875
281.072
281.256
281.426
281.584
281.731
281.866
281.991
282.107
282.213
282.311
282.401
282.484
282.559
282.628
282.691
282.748
282.799
282.845
282.886
282.922
282.953
282.98
283.002
283.02
283.034
283.043
283.047
283.047
283.042
283.031
283.014
282.99
282.961
282.914
264.978
265.299
265.631
265.983
266.35
266.732
267.127
267.536
267.958
268.392
268.839
269.296
269.762
270.237
270.719
271.205
271.696
272.188
272.681
273.171
273.659
274.141
274.616
275.083
275.539
275.984
276.416
276.835
277.238
277.627
277.999
278.354
278.693
279.015
279.321
279.609
279.882
280.138
280.379
280.605
280.817
281.014
281.198
281.37
281.529
281.678
281.815
281.942
282.06
282.168
282.268
282.36
282.444
282.521
282.591
282.656
282.714
282.766
282.813
282.854
282.891
282.922
282.949
282.971
282.989
283.001
283.009
283.011
283.008
282.999
282.985
282.962
282.933
282.889
266.309
266.561
266.823
267.102
267.396
267.702
268.021
268.352
268.697
269.054
269.423
269.804
270.195
270.597
271.007
271.425
271.85
272.28
272.715
273.152
273.589
274.027
274.462
274.893
275.319
275.738
276.149
276.55
276.941
277.32
277.687
278.04
278.379
278.704
279.015
279.31
279.591
279.857
280.108
280.345
280.568
280.777
280.974
281.157
281.328
281.488
281.637
281.775
281.903
282.021
282.131
282.232
282.325
282.41
282.488
282.56
282.625
282.684
282.737
282.784
282.826
282.862
282.894
282.92
282.941
282.957
282.968
282.973
282.973
282.967
282.954
282.932
282.904
282.862
267.588
267.786
267.991
268.212
268.446
268.691
268.946
269.214
269.493
269.785
270.087
270.401
270.726
271.061
271.407
271.761
272.124
272.495
272.872
273.254
273.641
274.03
274.421
274.812
275.202
275.589
275.972
276.349
276.72
277.083
277.437
277.781
278.114
278.436
278.745
279.042
279.326
279.597
279.855
280.1
280.331
280.549
280.755
280.949
281.13
281.3
281.459
281.607
281.745
281.873
281.991
282.101
282.203
282.296
282.382
282.461
282.533
282.598
282.657
282.711
282.758
282.8
282.836
282.866
282.892
282.911
282.926
282.934
282.936
282.932
282.921
282.901
282.874
282.834
268.797
268.952
269.112
269.287
269.473
269.668
269.872
270.087
270.313
270.548
270.795
271.052
271.319
271.597
271.885
272.182
272.489
272.804
273.127
273.457
273.793
274.134
274.48
274.829
275.179
275.53
275.881
276.229
276.575
276.916
277.251
277.58
277.901
278.214
278.517
278.81
279.093
279.364
279.624
279.872
280.109
280.333
280.546
280.747
280.937
281.115
281.283
281.44
281.586
281.723
281.851
281.969
282.079
282.18
282.273
282.359
282.438
282.51
282.576
282.635
282.687
282.734
282.775
282.81
282.84
282.864
282.881
282.893
282.898
282.896
282.887
282.869
282.842
282.805
269.926
270.047
270.172
270.31
270.458
270.613
270.776
270.948
271.129
271.32
271.519
271.728
271.947
272.175
272.413
272.66
272.917
273.182
273.455
273.737
274.026
274.321
274.623
274.929
275.24
275.553
275.869
276.185
276.502
276.816
277.129
277.438
277.742
278.041
278.333
278.617
278.893
279.161
279.419
279.667
279.905
280.133
280.35
280.556
280.752
280.937
281.111
281.275
281.43
281.574
281.709
281.835
281.953
282.062
282.162
282.256
282.341
282.42
282.491
282.556
282.614
282.667
282.713
282.752
282.786
282.814
282.835
282.85
282.858
282.859
282.852
282.836
282.81
282.775
270.971
271.066
271.163
271.272
271.39
271.513
271.643
271.781
271.926
272.079
272.24
272.409
272.587
272.774
272.969
273.173
273.386
273.607
273.837
274.075
274.32
274.573
274.832
275.098
275.37
275.646
275.926
276.209
276.495
276.781
277.067
277.353
277.636
277.917
278.194
278.465
278.732
278.991
279.243
279.488
279.724
279.951
280.169
280.378
280.577
280.766
280.946
281.116
281.276
281.428
281.569
281.702
281.827
281.942
282.05
282.15
282.242
282.327
282.405
282.475
282.539
282.597
282.648
282.692
282.731
282.762
282.787
282.806
282.817
282.82
282.815
282.801
282.777
282.744
271.932
272.006
272.082
272.168
272.262
272.36
272.463
272.573
272.689
272.812
272.942
273.079
273.223
273.375
273.534
273.702
273.877
274.061
274.252
274.451
274.658
274.872
275.093
275.322
275.556
275.796
276.042
276.292
276.546
276.803
277.062
277.322
277.582
277.842
278.1
278.356
278.608
278.856
279.099
279.336
279.567
279.79
280.007
280.215
280.415
280.606
280.789
280.963
281.128
281.284
281.432
281.571
281.701
281.823
281.937
282.043
282.142
282.233
282.316
282.393
282.462
282.525
282.581
282.63
282.673
282.709
282.738
282.76
282.774
282.78
282.777
282.765
282.742
282.711
272.81
272.869
272.928
272.996
273.071
273.149
273.231
273.319
273.412
273.51
273.615
273.725
273.842
273.965
274.095
274.232
274.376
274.527
274.685
274.851
275.024
275.204
275.391
275.585
275.786
275.993
276.206
276.424
276.647
276.874
277.105
277.339
277.575
277.812
278.05
278.287
278.523
278.756
278.987
279.214
279.436
279.654
279.865
280.07
280.269
280.46
280.643
280.819
280.987
281.147
281.299
281.442
281.578
281.705
281.825
281.937
282.041
282.137
282.227
282.309
282.384
282.452
282.513
282.567
282.614
282.654
282.687
282.712
282.73
282.739
282.738
282.728
282.707
282.678
273.61
273.655
273.702
273.756
273.815
273.878
273.943
274.013
274.088
274.167
274.251
274.34
274.434
274.534
274.64
274.751
274.869
274.993
275.124
275.261
275.404
275.555
275.712
275.876
276.046
276.223
276.406
276.594
276.788
276.988
277.191
277.399
277.61
277.824
278.039
278.256
278.474
278.691
278.907
279.121
279.333
279.541
279.745
279.945
280.139
280.328
280.51
280.686
280.855
281.017
281.171
281.318
281.458
281.59
281.714
281.831
281.94
282.042
282.137
282.224
282.304
282.377
282.443
282.502
282.554
282.598
282.635
282.663
282.684
282.696
282.698
282.69
282.671
282.643
274.336
274.372
274.408
274.451
274.499
274.548
274.601
274.657
274.717
274.78
274.848
274.919
274.996
275.076
275.162
275.253
275.349
275.451
275.558
275.671
275.79
275.915
276.046
276.184
276.327
276.477
276.633
276.794
276.962
277.135
277.312
277.495
277.682
277.872
278.066
278.262
278.46
278.66
278.86
279.059
279.258
279.455
279.65
279.841
280.029
280.213
280.392
280.566
280.734
280.896
281.051
281.2
281.343
281.478
281.606
281.727
281.841
281.947
282.047
282.139
282.224
282.302
282.373
282.436
282.492
282.541
282.581
282.614
282.638
282.652
282.657
282.652
282.634
282.608
274.991
275.019
275.047
275.082
275.12
275.16
275.202
275.247
275.295
275.346
275.401
275.459
275.52
275.586
275.655
275.729
275.808
275.891
275.979
276.072
276.17
276.274
276.383
276.498
276.618
276.744
276.876
277.014
277.157
277.306
277.46
277.619
277.783
277.951
278.123
278.298
278.477
278.658
278.841
279.025
279.209
279.394
279.577
279.759
279.939
280.116
280.29
280.459
280.625
280.785
280.94
281.09
281.233
281.371
281.501
281.626
281.743
281.854
281.958
282.055
282.144
282.227
282.302
282.37
282.43
282.482
282.527
282.563
282.59
282.608
282.616
282.612
282.596
282.573
275.583
275.605
275.628
275.656
275.687
275.719
275.753
275.789
275.828
275.869
275.913
275.96
276.01
276.063
276.119
276.18
276.244
276.312
276.384
276.46
276.541
276.627
276.717
276.813
276.914
277.02
277.131
277.247
277.369
277.496
277.629
277.766
277.909
278.056
278.207
278.363
278.522
278.685
278.85
279.018
279.187
279.358
279.529
279.7
279.87
280.038
280.205
280.369
280.53
280.687
280.84
280.989
281.132
281.27
281.403
281.529
281.65
281.764
281.871
281.972
282.065
282.152
282.231
282.303
282.368
282.424
282.472
282.512
282.542
282.563
282.573
282.572
282.558
282.537
276.112
276.129
276.147
276.17
276.195
276.221
276.248
276.278
276.309
276.343
276.378
276.416
276.457
276.5
276.547
276.596
276.648
276.704
276.763
276.826
276.893
276.964
277.039
277.119
277.203
277.291
277.385
277.483
277.587
277.695
277.808
277.926
278.05
278.178
278.31
278.447
278.588
278.733
278.881
279.033
279.187
279.343
279.501
279.66
279.819
279.978
280.136
280.293
280.449
280.601
280.751
280.897
281.039
281.177
281.31
281.438
281.56
281.676
281.787
281.89
281.988
282.078
282.161
282.237
282.306
282.366
282.418
282.461
282.494
282.518
282.531
282.532
282.52
282.501
276.591
276.605
276.62
276.638
276.658
276.68
276.702
276.726
276.752
276.779
276.808
276.839
276.872
276.908
276.946
276.986
277.029
277.075
277.124
277.175
277.231
277.289
277.352
277.418
277.488
277.562
277.641
277.723
277.811
277.903
277.999
278.1
278.206
278.317
278.432
278.552
278.676
278.804
278.936
279.072
279.211
279.352
279.496
279.643
279.79
279.939
280.088
280.236
280.384
280.531
280.676
280.818
280.958
281.094
281.226
281.354
281.477
281.595
281.707
281.813
281.914
282.007
282.094
282.173
282.245
282.309
282.364
282.41
282.447
282.473
282.489
282.492
282.481
282.465
277.009
277.02
277.032
277.047
277.064
277.081
277.1
277.12
277.141
277.164
277.188
277.213
277.241
277.27
277.301
277.335
277.37
277.408
277.449
277.492
277.538
277.587
277.639
277.694
277.753
277.815
277.881
277.951
278.025
278.103
278.186
278.272
278.363
278.459
278.559
278.663
278.772
278.885
279.002
279.123
279.247
279.375
279.506
279.64
279.776
279.914
280.053
280.193
280.333
280.473
280.612
280.75
280.885
281.019
281.149
281.276
281.399
281.518
281.631
281.74
281.842
281.938
282.028
282.11
282.185
282.252
282.311
282.36
282.4
282.429
282.447
282.452
282.444
282.43
277.396
277.405
277.415
277.428
277.442
277.456
277.472
277.488
277.506
277.524
277.544
277.566
277.588
277.613
277.639
277.666
277.696
277.727
277.761
277.797
277.835
277.876
277.919
277.966
278.015
278.067
278.123
278.182
278.244
278.311
278.381
278.455
278.533
278.615
278.701
278.792
278.887
278.985
279.088
279.196
279.306
279.421
279.539
279.66
279.784
279.911
280.039
280.17
280.301
280.433
280.566
280.698
280.829
280.958
281.086
281.21
281.332
281.45
281.564
281.673
281.777
281.875
281.967
282.052
282.129
282.199
282.26
282.312
282.354
282.386
282.406
282.414
282.407
282.396
277.713
277.72
277.728
277.739
277.751
277.764
277.777
277.791
277.806
277.822
277.839
277.858
277.877
277.898
277.92
277.943
277.969
277.995
278.024
278.055
278.087
278.122
278.159
278.198
278.24
278.285
278.332
278.383
278.437
278.493
278.554
278.618
278.685
278.756
278.831
278.911
278.994
279.081
279.172
279.267
279.366
279.468
279.575
279.685
279.798
279.914
280.033
280.154
280.277
280.401
280.527
280.653
280.779
280.904
281.028
281.15
281.27
281.387
281.501
281.61
281.715
281.815
281.908
281.995
282.075
282.147
282.211
282.266
282.311
282.345
282.367
282.377
282.371
282.363
278.033
278.038
278.045
278.055
278.065
278.076
278.087
278.099
278.111
278.125
278.139
278.155
278.171
278.189
278.207
278.227
278.248
278.271
278.295
278.321
278.348
278.378
278.409
278.442
278.478
278.516
278.556
278.599
278.645
278.693
278.745
278.8
278.858
278.919
278.984
279.053
279.125
279.201
279.281
279.364
279.452
279.543
279.638
279.737
279.839
279.945
280.054
280.165
280.279
280.395
280.512
280.631
280.751
280.87
280.99
281.108
281.225
281.34
281.452
281.56
281.665
281.764
281.859
281.947
282.028
282.102
282.167
282.224
282.27
282.306
282.33
282.342
282.338
282.331
278.248
278.253
278.259
278.268
278.278
278.288
278.298
278.309
278.321
278.333
278.346
278.36
278.375
278.391
278.408
278.426
278.445
278.465
278.487
278.51
278.535
278.561
278.589
278.618
278.65
278.683
278.719
278.757
278.797
278.84
278.886
278.934
278.986
279.04
279.098
279.159
279.223
279.291
279.362
279.437
279.516
279.599
279.685
279.775
279.868
279.965
280.066
280.169
280.275
280.384
280.495
280.607
280.722
280.837
280.952
281.067
281.181
281.294
281.405
281.512
281.617
281.717
281.812
281.901
281.984
282.059
282.126
282.185
282.233
282.271
282.296
282.31
282.307
282.303
278.531
278.535
278.541
278.549
278.557
278.565
278.574
278.583
278.593
278.604
278.615
278.627
278.64
278.654
278.668
278.683
278.7
278.717
278.736
278.755
278.776
278.799
278.823
278.848
278.875
278.904
278.935
278.967
279.002
279.039
279.079
279.12
279.165
279.212
279.262
279.315
279.371
279.431
279.494
279.56
279.629
279.703
279.78
279.86
279.944
280.032
280.123
280.217
280.314
280.414
280.517
280.622
280.729
280.837
280.947
281.056
281.166
281.274
281.381
281.486
281.588
281.687
281.78
281.869
281.951
282.027
282.094
282.153
282.202
282.24
282.266
282.281
282.278
282.277
278.638
278.642
278.648
278.656
278.665
278.673
278.682
278.692
278.702
278.712
278.724
278.735
278.748
278.761
278.776
278.791
278.806
278.823
278.841
278.86
278.88
278.902
278.924
278.948
278.974
279.001
279.03
279.06
279.093
279.127
279.164
279.202
279.244
279.287
279.334
279.383
279.435
279.49
279.548
279.609
279.674
279.742
279.814
279.889
279.967
280.049
280.135
280.224
280.316
280.412
280.51
280.61
280.713
280.818
280.924
281.031
281.138
281.245
281.351
281.455
281.557
281.655
281.749
281.838
281.921
281.997
282.066
282.126
282.176
282.215
282.242
282.258
282.256
282.257
278.929
278.933
278.939
278.946
278.953
278.961
278.968
278.977
278.986
278.995
279.005
279.015
279.026
279.038
279.05
279.063
279.077
279.091
279.107
279.123
279.141
279.159
279.179
279.2
279.222
279.245
279.27
279.297
279.325
279.355
279.387
279.42
279.456
279.494
279.535
279.578
279.623
279.671
279.722
279.776
279.834
279.894
279.957
280.024
280.094
280.168
280.245
280.325
280.408
280.495
280.584
280.676
280.771
280.868
280.966
281.066
281.166
281.266
281.366
281.464
281.561
281.654
281.744
281.829
281.909
281.983
282.049
282.107
282.155
282.193
282.219
282.234
282.231
282.232
284.121
285.007
285.788
286.46
287.03
287.507
287.904
288.231
288.498
288.714
288.889
289.028
289.138
289.224
289.29
289.34
289.376
289.401
289.418
289.428
289.432
289.432
289.428
289.423
289.415
289.406
289.396
289.386
289.375
289.364
289.354
289.343
289.333
289.324
289.314
289.306
289.297
289.289
289.282
289.274
289.268
284.114
284.976
285.741
286.401
286.963
287.439
287.837
288.169
288.443
288.669
288.853
289.003
289.124
289.221
289.297
289.357
289.403
289.438
289.464
289.482
289.493
289.5
289.503
289.502
289.499
289.494
289.488
289.48
289.471
289.462
289.453
289.443
289.434
289.424
289.414
289.405
289.396
289.387
289.378
289.37
289.362
284.111
284.959
285.716
286.37
286.93
287.408
287.812
288.152
288.437
288.673
288.869
289.031
289.163
289.27
289.356
289.425
289.478
289.52
289.551
289.573
289.588
289.597
289.601
289.602
289.599
289.594
289.587
289.579
289.57
289.56
289.549
289.538
289.527
289.515
289.504
289.493
289.482
289.471
289.461
289.45
289.44
284.116
284.963
285.723
286.379
286.943
287.427
287.839
288.188
288.483
288.73
288.937
289.109
289.252
289.369
289.465
289.542
289.604
289.653
289.691
289.719
289.739
289.753
289.761
289.764
289.764
289.761
289.756
289.749
289.74
289.73
289.719
289.707
289.695
289.683
289.67
289.658
289.645
289.632
289.62
289.607
289.595
284.125
284.978
285.748
286.41
286.981
287.474
287.896
288.255
288.562
288.821
289.04
289.225
289.379
289.508
289.614
289.702
289.773
289.83
289.874
289.909
289.934
289.95
289.961
289.966
289.967
289.965
289.959
289.951
289.941
289.93
289.917
289.904
289.89
289.875
289.86
289.845
289.829
289.814
289.799
289.783
289.769
284.137
285.002
285.785
286.457
287.039
287.543
287.978
288.351
288.672
288.946
289.18
289.379
289.547
289.689
289.808
289.906
289.987
290.053
290.105
290.146
290.176
290.197
290.21
290.218
290.22
290.218
290.213
290.204
290.194
290.181
290.167
290.151
290.135
290.118
290.1
290.082
290.064
290.046
290.027
290.009
289.991
284.154
285.036
285.837
286.523
287.121
287.64
288.091
288.481
288.818
289.109
289.36
289.575
289.758
289.914
290.046
290.157
290.248
290.323
290.384
290.431
290.467
290.491
290.508
290.517
290.521
290.519
290.513
290.503
290.49
290.476
290.459
290.44
290.421
290.401
290.379
290.358
290.336
290.314
290.292
290.269
290.248
284.175
285.081
285.906
286.612
287.228
287.767
288.236
288.645
289.002
289.312
289.58
289.813
290.013
290.185
290.331
290.455
290.558
290.643
290.713
290.767
290.808
290.837
290.856
290.868
290.872
290.869
290.862
290.851
290.836
290.819
290.799
290.777
290.754
290.73
290.705
290.679
290.653
290.626
290.6
290.573
290.547
284.202
285.138
285.993
286.723
287.362
287.923
288.415
288.846
289.223
289.554
289.843
290.095
290.314
290.503
290.665
290.803
290.919
291.016
291.094
291.156
291.203
291.236
291.258
291.271
291.275
291.272
291.264
291.25
291.233
291.212
291.188
291.162
291.134
291.106
291.075
291.045
291.013
290.982
290.95
290.917
290.887
284.236
285.208
286.099
286.858
287.524
288.111
288.628
289.083
289.485
289.84
290.151
290.425
290.664
290.872
291.051
291.204
291.335
291.443
291.532
291.602
291.655
291.693
291.717
291.731
291.735
291.731
291.72
291.703
291.682
291.657
291.629
291.598
291.565
291.53
291.494
291.458
291.42
291.383
291.345
291.306
291.27
284.277
285.292
286.224
287.017
287.715
288.332
288.878
289.361
289.79
290.171
290.508
290.805
291.066
291.295
291.493
291.664
291.809
291.93
292.029
292.108
292.168
292.21
292.237
292.251
292.255
292.249
292.235
292.214
292.188
292.158
292.124
292.087
292.047
292.006
291.963
291.92
291.875
291.83
291.785
291.74
291.697
284.327
285.392
286.372
287.204
287.937
288.589
289.168
289.683
290.142
290.552
290.916
291.24
291.526
291.777
291.996
292.185
292.346
292.482
292.593
292.681
292.748
292.793
292.822
292.837
292.839
292.83
292.812
292.787
292.755
292.718
292.677
292.632
292.585
292.536
292.485
292.434
292.381
292.328
292.274
292.221
292.169
284.386
285.509
286.543
287.42
288.195
288.886
289.502
290.052
290.545
290.987
291.382
291.735
292.047
292.323
292.565
292.775
292.954
293.104
293.228
293.326
293.399
293.449
293.479
293.494
293.493
293.48
293.457
293.425
293.386
293.341
293.292
293.238
293.182
293.123
293.063
293.001
292.939
292.876
292.813
292.75
292.689
284.458
285.646
286.742
287.67
288.492
289.227
289.884
290.473
291.004
291.482
291.911
292.296
292.638
292.942
293.208
293.44
293.638
293.805
293.942
294.05
294.131
294.183
294.215
294.227
294.223
294.205
294.174
294.134
294.086
294.032
293.972
293.907
293.84
293.77
293.698
293.625
293.552
293.477
293.403
293.329
293.258
284.543
285.805
286.971
287.957
288.832
289.616
290.319
290.953
291.526
292.044
292.511
292.931
293.306
293.64
293.934
294.189
294.409
294.593
294.744
294.863
294.95
295.005
295.036
295.046
295.036
295.01
294.971
294.92
294.861
294.794
294.721
294.644
294.563
294.48
294.394
294.308
294.221
294.133
294.046
293.959
293.875
284.645
285.991
287.234
288.286
289.221
290.06
290.816
291.499
292.119
292.681
293.19
293.649
294.061
294.428
294.752
295.034
295.276
295.479
295.645
295.773
295.867
295.924
295.953
295.957
295.94
295.904
295.852
295.788
295.715
295.633
295.545
295.452
295.355
295.255
295.153
295.051
294.948
294.845
294.742
294.64
294.542
284.767
286.207
287.538
288.663
289.665
290.567
291.381
292.119
292.791
293.403
293.959
294.462
294.914
295.318
295.675
295.986
296.252
296.476
296.656
296.795
296.893
296.95
296.975
296.971
296.943
296.893
296.826
296.745
296.654
296.553
296.446
296.333
296.217
296.097
295.977
295.855
295.733
295.612
295.491
295.372
295.257
284.912
286.458
287.888
289.095
290.173
291.145
292.024
292.825
293.556
294.223
294.831
295.383
295.88
296.325
296.718
297.06
297.353
297.598
297.793
297.941
298.043
298.097
298.114
298.098
298.055
297.987
297.9
297.797
297.683
297.559
297.428
297.291
297.151
297.008
296.864
296.72
296.576
296.433
296.291
296.151
296.017
285.086
286.751
288.291
289.592
290.754
291.806
292.759
293.629
294.426
295.156
295.823
296.429
296.976
297.466
297.899
298.276
298.597
298.863
299.074
299.23
299.332
299.379
299.383
299.351
299.286
299.194
299.08
298.95
298.806
298.653
298.493
298.327
298.158
297.986
297.815
297.643
297.473
297.305
297.138
296.975
296.817
285.295
287.093
288.758
290.164
291.422
292.563
293.6
294.549
295.421
296.221
296.954
297.621
298.225
298.765
299.242
299.656
300.007
300.295
300.52
300.68
300.778
300.813
300.798
300.741
300.646
300.522
300.374
300.207
300.028
299.838
299.64
299.439
299.234
299.029
298.824
298.62
298.419
298.22
298.025
297.834
297.651
285.546
287.495
289.3
290.825
292.192
293.433
294.565
295.604
296.56
297.441
298.248
298.985
299.651
300.247
300.773
301.227
301.61
301.919
302.155
302.316
302.404
302.418
302.374
302.282
302.148
301.98
301.786
301.574
301.347
301.111
300.868
300.622
300.374
300.128
299.883
299.641
299.403
299.17
298.941
298.719
298.505
285.849
287.969
289.932
291.592
293.083
294.439
295.679
296.819
297.873
298.844
299.737
300.552
301.29
301.949
302.527
303.024
303.439
303.768
304.011
304.166
304.233
304.215
304.129
303.987
303.799
303.574
303.32
303.047
302.761
302.467
302.168
301.867
301.567
301.27
300.978
300.691
300.411
300.137
299.871
299.612
299.364
286.216
288.529
290.672
292.487
294.119
295.607
296.97
298.228
299.393
300.469
301.46
302.364
303.182
303.911
304.548
305.09
305.536
305.881
306.123
306.26
306.293
306.226
306.079
305.869
305.607
305.304
304.973
304.622
304.261
303.893
303.524
303.157
302.794
302.438
302.089
301.75
301.42
301.1
300.79
300.491
300.206
286.662
289.197
291.545
293.537
295.331
296.971
298.478
299.872
301.166
302.363
303.466
304.473
305.382
306.189
306.888
307.477
307.951
308.305
308.534
308.638
308.615
308.473
308.24
307.935
307.572
307.167
306.734
306.284
305.827
305.368
304.912
304.464
304.026
303.599
303.185
302.786
302.4
302.029
301.67
301.326
301.001
287.208
289.999
292.582
294.779
296.761
298.578
300.252
301.805
303.249
304.588
305.822
306.947
307.96
308.853
309.619
310.253
310.748
311.097
311.295
311.338
311.229
310.978
310.622
310.185
309.688
309.147
308.581
308.004
307.426
306.854
306.294
305.748
305.221
304.712
304.224
303.757
303.309
302.881
302.472
302.081
301.712
287.88
290.967
293.823
296.259
298.463
300.487
302.358
304.099
305.72
307.226
308.613
309.875
311.005
311.993
312.827
313.5
314.003
314.325
314.46
314.405
314.163
313.754
313.225
312.608
311.929
311.211
310.475
309.736
309.008
308.298
307.611
306.952
306.321
305.72
305.149
304.607
304.094
303.608
303.146
302.708
302.298
288.714
292.148
295.323
298.043
300.508
302.78
304.886
306.85
308.684
310.388
311.955
313.376
314.638
315.727
316.626
317.323
317.808
318.067
318.09
317.879
317.437
316.8
316.031
315.17
314.25
313.302
312.348
311.409
310.497
309.621
308.786
307.994
307.247
306.545
305.885
305.267
304.689
304.146
303.635
303.155
302.709
289.757
293.604
297.158
300.216
302.997
305.567
307.958
310.194
312.285
314.228
316.008
317.612
319.02
320.21
321.159
321.851
322.272
322.404
322.241
321.784
321.048
320.085
318.986
317.799
316.567
315.325
314.1
312.916
311.785
310.714
309.709
308.772
307.9
307.091
306.343
305.653
305.015
304.424
303.875
303.364
302.895
291.077
295.422
299.434
302.905
306.071
309.008
311.751
314.322
316.729
318.96
320.995
322.806
324.368
325.646
326.61
327.237
327.512
327.416
326.946
326.115
324.948
323.532
321.988
320.376
318.746
317.14
315.588
314.113
312.727
311.438
310.246
309.153
308.153
307.243
306.415
305.666
304.985
304.365
303.799
303.28
302.81
292.77
297.728
302.303
306.288
309.936
313.335
316.521
319.514
322.313
324.897
327.23
329.27
330.976
332.298
333.197
333.647
333.634
333.144
332.186
330.794
329.014
326.982
324.856
322.707
320.591
318.55
316.617
314.811
313.143
311.616
310.23
308.982
307.864
306.867
305.982
305.2
304.508
303.894
303.346
302.855
302.419
294.976
300.711
305.999
310.64
314.911
318.906
322.664
326.198
329.492
332.506
335.178
337.443
339.238
340.495
341.166
341.231
340.687
339.539
337.828
335.619
332.997
330.159
327.309
324.515
321.833
319.3
316.944
314.781
312.815
311.047
309.472
308.083
306.87
305.818
304.914
304.145
303.493
302.939
302.467
302.062
301.717
297.882
304.613
310.831
316.336
321.428
326.211
330.723
334.958
338.872
342.389
345.406
347.823
349.545
350.491
350.617
349.932
348.468
346.279
343.459
340.13
336.423
332.61
328.928
325.424
322.135
319.09
316.305
313.784
311.527
309.531
307.789
306.291
305.022
303.964
303.101
302.413
301.875
301.462
301.151
300.917
300.743
301.645
309.613
317.025
323.64
329.795
335.597
341.07
346.17
350.8
354.821
358.065
360.386
361.667
361.835
360.893
358.924
356.042
352.386
348.13
343.464
338.556
333.739
329.252
325.086
321.25
317.748
314.582
311.747
309.236
307.049
305.178
303.615
302.342
301.341
300.59
300.065
299.734
299.564
299.52
299.567
299.667
306.249
315.711
324.574
332.547
340.01
347.057
353.674
359.746
365.08
369.435
372.565
374.291
374.517
373.244
370.599
366.804
362.094
356.717
350.93
344.964
338.991
333.356
328.254
323.601
319.361
315.515
312.055
308.967
306.25
303.909
301.945
300.352
299.115
298.216
297.635
297.342
297.301
297.469
297.798
298.237
298.717
311.721
323.013
333.664
343.319
352.396
360.95
368.883
375.941
381.775
386.016
388.359
388.671
386.983
383.489
378.532
372.514
365.8
358.725
351.586
344.602
337.886
331.738
326.272
321.329
316.832
312.746
309.055
305.754
302.854
300.378
298.336
296.729
295.547
294.778
294.402
294.393
294.71
295.302
296.108
297.057
298.034
318.11
331.668
344.546
356.295
367.356
377.692
387.024
394.86
400.637
403.883
404.364
402.173
397.643
391.278
383.676
375.392
366.853
358.416
350.347
342.777
335.712
329.362
323.761
318.688
314.041
309.776
305.884
302.376
299.293
296.679
294.56
292.939
291.813
291.178
291.022
291.324
292.043
293.13
294.51
296.091
297.696
325.484
341.871
357.542
371.903
385.372
397.702
408.268
416.224
420.816
421.666
418.906
413.123
405.092
395.649
385.558
375.39
365.526
356.269
347.788
340.076
333.004
326.69
321.109
316.007
311.269
306.85
302.753
299.022
295.742
292.987
290.785
289.141
288.061
287.548
287.605
288.218
289.358
290.985
293.019
295.357
297.735
333.888
353.859
373.055
390.665
406.952
421.236
432.329
439.009
440.61
437.313
430.038
420.044
408.506
396.407
384.456
373.072
362.51
352.995
344.569
337.052
330.195
324.056
318.578
313.496
308.69
304.115
299.79
295.81
292.322
289.425
287.139
285.464
284.411
283.999
284.242
285.144
286.692
288.875
291.61
294.826
298.126
343.335
367.902
391.571
413.157
432.48
448.082
458.064
461.174
457.553
448.598
436.27
422.343
408.052
394.201
381.227
369.305
358.594
349.272
341.222
334.091
327.553
321.645
316.303
311.26
306.39
301.646
297.06
292.803
289.109
286.083
283.715
281.998
280.955
280.618
281.012
282.163
284.08
286.799
290.24
294.443
298.789
353.804
384.335
413.676
439.925
461.932
477.089
483.122
479.795
469.115
454.066
437.329
420.613
404.76
390.151
376.866
364.89
354.409
345.579
338.08
331.401
325.204
319.537
314.333
309.329
304.393
299.465
294.584
290.034
286.149
283.015
280.57
278.805
277.757
277.468
277.975
279.326
281.554
284.761
288.861
294.141
299.583
365.228
403.609
440.084
471.287
494.377
505.74
504.123
491.99
473.874
453.813
434.271
416.251
399.954
385.318
372.145
360.373
350.357
342.196
335.301
329.058
323.183
317.741
312.665
307.697
302.694
297.571
292.358
287.512
283.47
280.252
277.736
275.92
274.856
274.592
275.176
276.678
279.15
282.774
287.441
293.85
300.323
377.475
426.347
471.509
506.798
527.347
530.21
517.7
496.287
472.313
449.396
428.844
410.724
394.703
380.419
367.516
356.058
346.66
339.247
332.924
327.067
321.477
316.235
311.272
306.337
301.27
295.942
290.369
285.241
281.084
277.803
275.221
273.353
272.267
272.011
272.641
274.25
276.903
280.862
285.975
293.497
300.808
390.332
453.442
508.278
544.501
556.736
546.558
522.2
493.527
466.502
442.891
422.609
405.06
389.636
375.819
363.193
352.094
343.42
336.758
330.931
325.397
320.055
314.986
310.121
305.215
300.091
294.553
288.598
283.219
278.989
275.661
273.018
271.103
269.99
269.73
270.384
272.064
274.847
279.055
284.494
293.018
300.88
403.499
485.982
549.598
580.513
578.034
552.659
518.626
486.261
458.845
435.916
416.502
399.769
385.024
371.659
359.254
348.546
340.666
334.7
329.277
324.01
318.877
313.954
309.174
304.295
299.121
293.373
287.027
281.439
277.173
273.809
271.111
269.152
268.01
267.736
268.399
270.123
272.994
277.373
283.04
292.351
300.469
416.679
524.804
592.557
609.551
588.187
549.272
509.868
477.206
451.007
429.31
410.934
395.055
380.969
367.985
355.735
345.446
338.383
333.021
327.919
322.873
317.913
313.11
308.401
303.548
298.336
292.382
285.649
279.897
275.621
272.23
269.49
267.497
266.332
266.043
266.707
268.458
271.393
275.881
281.703
291.494
299.685
429.416
569.158
631.658
626.851
587.047
539.552
499.191
468.268
443.788
423.377
406.013
390.938
377.442
364.748
352.6
342.766
336.495
331.609
326.76
321.909
317.103
312.403
307.755
302.929
297.686
291.535
284.44
278.579
274.306
270.88
268.096
266.073
264.885
264.58
265.241
267.008
269.987
274.542
280.472
290.373
298.658
438.322
618.296
663.02
631.559
577.51
527.615
489.627
461.174
438.218
418.869
402.346
387.907
374.842
362.277
350.133
340.776
335.265
330.7
325.979
321.239
316.526
311.901
307.298
302.491
297.22
290.877
283.448
277.545
273.327
269.898
267.094
265.056
263.857
263.545
264.208
265.991
268.999
273.591
279.601
289.253
297.371
447.505
662.566
678.198
621.447
556.295
507.645
474.555
450.057
429.568
411.951
396.747
383.316
370.968
358.725
346.684
337.892
333.308
329.276
324.842
320.3
315.733
311.2
306.667
301.903
296.635
290.133
282.358
276.345
272.139
268.704
265.886
263.837
262.631
262.314
262.983
264.79
267.845
272.472
278.658
288.139
295.829
289.262
289.258
289.255
289.251
289.247
289.242
289.238
289.233
289.228
289.222
289.216
289.209
289.203
289.195
289.187
289.179
289.17
289.16
289.149
289.138
289.126
289.112
289.098
289.083
289.067
289.049
289.03
289.009
288.987
288.962
288.936
288.908
288.878
288.845
288.809
288.771
288.73
288.685
288.637
288.585
288.529
288.469
288.404
288.334
288.26
288.181
288.096
288.005
287.909
287.807
287.699
287.585
287.465
287.34
287.209
287.073
286.933
286.788
286.64
286.488
286.335
286.18
286.026
285.871
285.719
285.57
285.424
285.284
285.149
285.022
284.903
284.79
284.694
284.581
289.355
289.352
289.349
289.344
289.339
289.334
289.329
289.323
289.317
289.311
289.304
289.296
289.288
289.28
289.271
289.261
289.25
289.239
289.227
289.214
289.2
289.185
289.169
289.152
289.133
289.113
289.092
289.068
289.043
289.016
288.987
288.956
288.922
288.885
288.846
288.804
288.759
288.71
288.658
288.601
288.541
288.476
288.407
288.333
288.255
288.171
288.082
287.987
287.887
287.782
287.671
287.554
287.433
287.306
287.174
287.038
286.897
286.753
286.605
286.456
286.304
286.152
286
285.848
285.699
285.552
285.41
285.272
285.14
285.014
284.897
284.785
284.695
284.566
289.432
289.43
289.426
289.422
289.417
289.411
289.406
289.4
289.394
289.387
289.38
289.372
289.363
289.354
289.345
289.334
289.323
289.311
289.298
289.284
289.269
289.253
289.236
289.217
289.197
289.176
289.152
289.127
289.1
289.071
289.04
289.006
288.97
288.931
288.888
288.843
288.795
288.743
288.687
288.627
288.563
288.495
288.422
288.344
288.261
288.174
288.081
287.983
287.879
287.771
287.657
287.538
287.414
287.285
287.151
287.013
286.872
286.727
286.579
286.43
286.279
286.127
285.976
285.825
285.677
285.531
285.389
285.252
285.121
284.996
284.88
284.768
284.68
284.544
289.585
289.583
289.579
289.574
289.569
289.563
289.557
289.551
289.544
289.536
289.528
289.52
289.51
289.5
289.49
289.478
289.466
289.452
289.438
289.422
289.406
289.388
289.368
289.347
289.325
289.3
289.274
289.246
289.215
289.182
289.147
289.109
289.068
289.024
288.977
288.927
288.873
288.815
288.752
288.686
288.616
288.54
288.461
288.376
288.286
288.191
288.091
287.986
287.876
287.761
287.641
287.516
287.387
287.253
287.115
286.974
286.83
286.683
286.534
286.384
286.232
286.081
285.931
285.782
285.635
285.491
285.352
285.217
285.088
284.965
284.852
284.742
284.653
284.53
289.756
289.753
289.75
289.744
289.738
289.732
289.725
289.718
289.71
289.702
289.693
289.684
289.673
289.662
289.65
289.638
289.624
289.609
289.592
289.575
289.556
289.536
289.514
289.49
289.465
289.437
289.408
289.376
289.341
289.304
289.264
289.221
289.175
289.126
289.073
289.016
288.956
288.891
288.822
288.748
288.67
288.587
288.499
288.407
288.309
288.206
288.098
287.986
287.868
287.746
287.619
287.488
287.353
287.214
287.072
286.927
286.779
286.63
286.48
286.328
286.177
286.026
285.877
285.729
285.584
285.443
285.306
285.174
285.048
284.928
284.816
284.71
284.621
284.519
289.976
289.972
289.969
289.963
289.956
289.949
289.941
289.933
289.925
289.915
289.905
289.894
289.882
289.87
289.856
289.841
289.825
289.808
289.789
289.769
289.747
289.724
289.699
289.671
289.642
289.61
289.576
289.539
289.499
289.456
289.41
289.361
289.308
289.252
289.191
289.126
289.057
288.984
288.906
288.823
288.736
288.643
288.545
288.443
288.335
288.223
288.106
287.984
287.857
287.727
287.592
287.453
287.312
287.167
287.02
286.871
286.72
286.568
286.416
286.264
286.113
285.962
285.814
285.668
285.526
285.387
285.253
285.123
285
284.884
284.775
284.673
284.584
284.504
290.229
290.225
290.221
290.214
290.206
290.198
290.19
290.18
290.17
290.159
290.148
290.135
290.121
290.107
290.091
290.073
290.055
290.034
290.013
289.989
289.964
289.936
289.907
289.875
289.84
289.803
289.763
289.72
289.674
289.624
289.571
289.514
289.453
289.388
289.318
289.244
289.165
289.081
288.993
288.9
288.801
288.698
288.589
288.475
288.357
288.234
288.106
287.974
287.838
287.699
287.556
287.41
287.261
287.111
286.959
286.805
286.651
286.497
286.344
286.191
286.04
285.891
285.744
285.6
285.46
285.324
285.193
285.067
284.947
284.834
284.729
284.631
284.544
284.479
290.525
290.52
290.515
290.507
290.498
290.488
290.478
290.468
290.456
290.443
290.429
290.414
290.398
290.38
290.361
290.341
290.319
290.295
290.269
290.241
290.211
290.178
290.143
290.106
290.065
290.021
289.974
289.923
289.869
289.811
289.748
289.682
289.611
289.535
289.454
289.369
289.279
289.183
289.083
288.977
288.866
288.75
288.629
288.503
288.372
288.238
288.099
287.956
287.81
287.661
287.51
287.356
287.201
287.045
286.888
286.731
286.574
286.418
286.264
286.111
285.961
285.813
285.668
285.527
285.39
285.257
285.129
285.007
284.89
284.781
284.679
284.586
284.501
284.445
290.861
290.855
290.849
290.839
290.828
290.817
290.805
290.792
290.777
290.762
290.745
290.727
290.708
290.687
290.664
290.64
290.613
290.584
290.553
290.52
290.484
290.445
290.403
290.358
290.31
290.257
290.202
290.142
290.078
290.009
289.936
289.858
289.775
289.687
289.594
289.496
289.392
289.283
289.168
289.049
288.924
288.794
288.659
288.52
288.377
288.23
288.08
287.926
287.77
287.612
287.452
287.291
287.13
286.969
286.808
286.647
286.489
286.332
286.177
286.025
285.876
285.73
285.587
285.449
285.315
285.186
285.062
284.943
284.83
284.725
284.626
284.537
284.455
284.404
291.239
291.231
291.224
291.212
291.199
291.185
291.171
291.155
291.137
291.119
291.099
291.077
291.053
291.028
291
290.971
290.938
290.904
290.866
290.826
290.783
290.736
290.686
290.631
290.573
290.511
290.445
290.374
290.298
290.217
290.131
290.04
289.943
289.841
289.733
289.62
289.501
289.376
289.247
289.112
288.972
288.827
288.678
288.525
288.369
288.209
288.047
287.883
287.717
287.55
287.382
287.215
287.048
286.882
286.718
286.556
286.396
286.239
286.084
285.933
285.786
285.643
285.503
285.368
285.238
285.112
284.992
284.877
284.769
284.667
284.572
284.486
284.407
284.359
291.66
291.651
291.641
291.627
291.611
291.594
291.576
291.557
291.536
291.513
291.488
291.461
291.433
291.401
291.368
291.332
291.292
291.25
291.205
291.156
291.104
291.047
290.987
290.922
290.852
290.778
290.699
290.614
290.524
290.429
290.328
290.221
290.109
289.99
289.866
289.736
289.6
289.459
289.313
289.161
289.006
288.845
288.682
288.514
288.345
288.173
287.999
287.824
287.649
287.474
287.3
287.127
286.956
286.787
286.62
286.456
286.296
286.14
285.987
285.838
285.693
285.553
285.417
285.285
285.159
285.038
284.921
284.811
284.706
284.608
284.516
284.434
284.357
284.311
292.127
292.115
292.103
292.085
292.065
292.044
292.022
291.998
291.972
291.944
291.913
291.881
291.845
291.807
291.766
291.721
291.674
291.622
291.567
291.508
291.444
291.376
291.303
291.225
291.142
291.053
290.959
290.858
290.752
290.64
290.522
290.398
290.267
290.13
289.988
289.84
289.686
289.526
289.362
289.194
289.022
288.846
288.667
288.486
288.303
288.119
287.934
287.75
287.567
287.385
287.205
287.028
286.853
286.682
286.514
286.351
286.191
286.036
285.885
285.739
285.597
285.461
285.329
285.201
285.079
284.962
284.85
284.744
284.643
284.548
284.46
284.381
284.307
284.262
292.64
292.624
292.608
292.587
292.562
292.536
292.508
292.478
292.446
292.411
292.374
292.333
292.289
292.242
292.192
292.138
292.079
292.016
291.949
291.877
291.8
291.718
291.63
291.536
291.437
291.331
291.219
291.101
290.976
290.845
290.707
290.563
290.413
290.256
290.093
289.925
289.752
289.574
289.392
289.206
289.016
288.825
288.631
288.437
288.242
288.047
287.853
287.661
287.471
287.283
287.099
286.918
286.742
286.57
286.402
286.239
286.081
285.929
285.781
285.638
285.5
285.368
285.24
285.117
284.999
284.887
284.779
284.677
284.58
284.489
284.404
284.328
284.256
284.214
293.2
293.18
293.159
293.132
293.101
293.069
293.034
292.997
292.957
292.914
292.867
292.817
292.763
292.705
292.643
292.576
292.505
292.428
292.347
292.259
292.166
292.067
291.961
291.85
291.731
291.606
291.474
291.335
291.189
291.036
290.877
290.711
290.539
290.361
290.177
289.989
289.795
289.598
289.397
289.193
288.988
288.781
288.574
288.367
288.161
287.957
287.755
287.556
287.36
287.169
286.982
286.8
286.622
286.451
286.284
286.124
285.968
285.819
285.675
285.536
285.403
285.274
285.151
285.033
284.92
284.812
284.709
284.611
284.518
284.431
284.349
284.276
284.206
284.165
293.808
293.782
293.755
293.721
293.682
293.642
293.599
293.553
293.503
293.449
293.391
293.329
293.263
293.191
293.115
293.033
292.946
292.853
292.754
292.648
292.536
292.417
292.291
292.158
292.018
291.871
291.716
291.554
291.385
291.208
291.026
290.836
290.641
290.44
290.235
290.025
289.811
289.594
289.375
289.155
288.934
288.714
288.494
288.276
288.061
287.848
287.64
287.436
287.237
287.043
286.855
286.673
286.497
286.327
286.163
286.005
285.853
285.708
285.568
285.434
285.305
285.182
285.064
284.95
284.842
284.739
284.64
284.546
284.457
284.374
284.295
284.224
284.157
284.117
294.463
294.43
294.395
294.352
294.304
294.253
294.2
294.142
294.08
294.013
293.941
293.865
293.783
293.695
293.602
293.503
293.397
293.284
293.164
293.037
292.903
292.761
292.612
292.455
292.29
292.117
291.937
291.75
291.555
291.354
291.146
290.932
290.713
290.489
290.261
290.03
289.796
289.561
289.325
289.089
288.854
288.621
288.391
288.164
287.941
287.723
287.511
287.304
287.103
286.908
286.721
286.54
286.366
286.199
286.038
285.885
285.737
285.596
285.461
285.332
285.209
285.091
284.977
284.869
284.766
284.667
284.572
284.483
284.398
284.318
284.242
284.174
284.108
284.07
295.165
295.122
295.077
295.023
294.963
294.899
294.832
294.76
294.683
294.6
294.512
294.418
294.318
294.211
294.097
293.976
293.848
293.712
293.569
293.417
293.258
293.09
292.914
292.73
292.538
292.338
292.131
291.916
291.694
291.466
291.232
290.993
290.75
290.503
290.253
290.002
289.749
289.497
289.245
288.996
288.749
288.506
288.267
288.033
287.805
287.583
287.368
287.16
286.959
286.766
286.58
286.402
286.232
286.069
285.913
285.764
285.621
285.486
285.356
285.232
285.114
285.001
284.893
284.79
284.691
284.597
284.507
284.421
284.34
284.263
284.191
284.125
284.061
284.024
295.91
295.854
295.797
295.728
295.653
295.575
295.491
295.402
295.306
295.204
295.096
294.981
294.858
294.728
294.59
294.445
294.291
294.128
293.958
293.778
293.59
293.394
293.189
292.975
292.754
292.524
292.288
292.044
291.795
291.54
291.279
291.015
290.748
290.479
290.209
289.938
289.669
289.401
289.136
288.875
288.618
288.367
288.122
287.884
287.653
287.429
287.214
287.007
286.808
286.617
286.435
286.261
286.095
285.937
285.787
285.643
285.507
285.376
285.252
285.134
285.022
284.914
284.811
284.713
284.619
284.529
284.444
284.362
284.284
284.211
284.141
284.078
284.016
283.979
296.692
296.621
296.548
296.462
296.369
296.271
296.168
296.057
295.94
295.815
295.682
295.542
295.394
295.237
295.071
294.897
294.714
294.522
294.32
294.11
293.891
293.663
293.426
293.181
292.929
292.669
292.402
292.129
291.851
291.569
291.283
290.995
290.705
290.415
290.126
289.839
289.554
289.274
288.998
288.728
288.464
288.208
287.959
287.719
287.487
287.265
287.051
286.847
286.651
286.465
286.288
286.119
285.959
285.806
285.661
285.524
285.393
285.269
285.151
285.039
284.932
284.83
284.732
284.639
284.55
284.464
284.383
284.305
284.231
284.16
284.094
284.033
283.972
283.936
297.504
297.414
297.321
297.214
297.099
296.978
296.85
296.715
296.571
296.419
296.259
296.09
295.911
295.724
295.527
295.321
295.105
294.88
294.645
294.401
294.148
293.887
293.617
293.339
293.055
292.763
292.466
292.165
291.859
291.551
291.24
290.93
290.62
290.311
290.006
289.704
289.408
289.117
288.833
288.557
288.289
288.031
287.781
287.541
287.311
287.091
286.881
286.681
286.491
286.31
286.139
285.976
285.822
285.676
285.538
285.407
285.283
285.165
285.053
284.946
284.845
284.748
284.656
284.567
284.483
284.402
284.324
284.25
284.179
284.112
284.048
283.989
283.93
283.895
298.334
298.221
298.103
297.971
297.829
297.681
297.525
297.36
297.186
297.003
296.811
296.609
296.397
296.175
295.944
295.702
295.451
295.191
294.92
294.641
294.353
294.057
293.753
293.442
293.125
292.803
292.476
292.147
291.815
291.482
291.15
290.819
290.492
290.168
289.849
289.536
289.231
288.933
288.645
288.366
288.097
287.838
287.59
287.353
287.127
286.912
286.707
286.513
286.329
286.155
285.991
285.835
285.688
285.549
285.417
285.293
285.175
285.064
284.958
284.857
284.761
284.67
284.582
284.499
284.419
284.342
284.268
284.198
284.13
284.065
284.004
283.947
283.89
283.855
299.165
299.023
298.876
298.714
298.542
298.362
298.173
297.975
297.767
297.549
297.32
297.082
296.834
296.575
296.307
296.028
295.74
295.442
295.135
294.819
294.496
294.165
293.827
293.483
293.135
292.784
292.429
292.074
291.718
291.364
291.013
290.665
290.323
289.986
289.658
289.338
289.027
288.726
288.436
288.157
287.89
287.634
287.39
287.158
286.938
286.729
286.531
286.344
286.167
286.001
285.844
285.696
285.556
285.424
285.3
285.183
285.071
284.966
284.866
284.771
284.681
284.595
284.512
284.433
284.357
284.285
284.215
284.147
284.083
284.021
283.962
283.907
283.851
283.817
299.974
299.8
299.618
299.422
299.215
298.999
298.774
298.538
298.292
298.036
297.77
297.493
297.206
296.909
296.602
296.285
295.959
295.623
295.28
294.928
294.569
294.204
293.834
293.46
293.083
292.703
292.324
291.945
291.569
291.197
290.829
290.469
290.115
289.771
289.436
289.112
288.799
288.499
288.21
287.934
287.671
287.421
287.183
286.958
286.745
286.544
286.354
286.175
286.007
285.849
285.7
285.56
285.428
285.304
285.186
285.076
284.971
284.872
284.778
284.689
284.604
284.523
284.445
284.371
284.299
284.23
284.164
284.1
284.038
283.979
283.922
283.869
283.814
283.781
300.733
300.522
300.302
300.067
299.821
299.566
299.302
299.027
298.741
298.446
298.14
297.824
297.498
297.162
296.817
296.462
296.099
295.727
295.348
294.962
294.57
294.173
293.773
293.37
292.966
292.563
292.161
291.763
291.37
290.983
290.604
290.234
289.874
289.525
289.188
288.864
288.553
288.255
287.971
287.701
287.445
287.202
286.972
286.756
286.552
286.36
286.179
286.009
285.85
285.7
285.56
285.428
285.304
285.187
285.077
284.973
284.875
284.783
284.695
284.611
284.531
284.455
284.381
284.311
284.243
284.178
284.115
284.054
283.995
283.939
283.884
283.832
283.779
283.747
301.407
301.155
300.893
300.618
300.332
300.037
299.733
299.418
299.094
298.759
298.415
298.062
297.698
297.326
296.944
296.554
296.155
295.75
295.337
294.919
294.496
294.07
293.643
293.214
292.787
292.363
291.944
291.53
291.124
290.727
290.341
289.966
289.603
289.254
288.918
288.597
288.291
288
287.723
287.461
287.214
286.98
286.761
286.554
286.36
286.177
286.007
285.846
285.696
285.556
285.424
285.3
285.184
285.075
284.972
284.875
284.784
284.697
284.615
284.536
284.461
284.39
284.321
284.255
284.191
284.129
284.069
284.011
283.955
283.9
283.847
283.798
283.746
283.715
301.955
301.661
301.358
301.042
300.718
300.385
300.043
299.692
299.332
298.963
298.585
298.197
297.8
297.395
296.98
296.558
296.128
295.691
295.248
294.801
294.35
293.898
293.446
292.996
292.55
292.109
291.676
291.251
290.837
290.434
290.044
289.669
289.307
288.962
288.632
288.317
288.019
287.737
287.47
287.218
286.981
286.759
286.55
286.354
286.171
285.999
285.838
285.688
285.548
285.416
285.293
285.178
285.069
284.968
284.872
284.782
284.696
284.615
284.539
284.465
284.395
284.328
284.263
284.201
284.141
284.082
284.025
283.97
283.916
283.864
283.813
283.765
283.714
283.684
302.332
302
301.659
301.309
300.952
300.588
300.216
299.837
299.448
299.051
298.645
298.23
297.806
297.372
296.929
296.478
296.02
295.555
295.085
294.611
294.136
293.661
293.189
292.721
292.259
291.806
291.362
290.931
290.513
290.109
289.721
289.348
288.993
288.654
288.333
288.028
287.74
287.469
287.214
286.974
286.75
286.539
286.342
286.158
285.986
285.825
285.675
285.535
285.404
285.282
285.168
285.06
284.96
284.865
284.777
284.693
284.613
284.538
284.466
284.398
284.333
284.27
284.209
284.15
284.094
284.038
283.984
283.931
283.88
283.83
283.78
283.734
283.684
283.655
302.494
302.133
301.767
301.395
301.018
300.636
300.247
299.85
299.444
299.03
298.605
298.17
297.724
297.267
296.8
296.324
295.84
295.349
294.854
294.357
293.859
293.365
292.875
292.392
291.919
291.458
291.01
290.576
290.159
289.758
289.375
289.01
288.664
288.336
288.026
287.734
287.459
287.201
286.959
286.733
286.521
286.324
286.139
285.967
285.807
285.658
285.518
285.388
285.267
285.154
285.048
284.949
284.856
284.768
284.686
284.608
284.535
284.465
284.398
284.335
284.273
284.215
284.158
284.103
284.049
283.996
283.945
283.895
283.845
283.797
283.749
283.705
283.655
283.628
302.402
302.034
301.664
301.292
300.916
300.535
300.146
299.749
299.341
298.92
298.486
298.037
297.574
297.098
296.608
296.108
295.598
295.083
294.563
294.044
293.526
293.014
292.511
292.018
291.538
291.072
290.624
290.193
289.78
289.387
289.014
288.66
288.326
288.012
287.716
287.438
287.178
286.935
286.708
286.496
286.298
286.114
285.943
285.783
285.634
285.496
285.368
285.248
285.136
285.031
284.934
284.842
284.757
284.676
284.6
284.528
284.46
284.396
284.334
284.275
284.218
284.163
284.109
284.057
284.007
283.957
283.908
283.86
283.813
283.766
283.72
283.677
283.628
283.602
302.039
301.697
301.358
301.017
300.672
300.319
299.954
299.575
299.177
298.76
298.322
297.863
297.383
296.885
296.37
295.843
295.306
294.764
294.22
293.678
293.142
292.616
292.101
291.602
291.119
290.655
290.211
289.787
289.384
289.003
288.643
288.304
287.985
287.686
287.406
287.145
286.901
286.673
286.462
286.265
286.081
285.911
285.753
285.606
285.469
285.342
285.224
285.114
285.011
284.915
284.826
284.742
284.663
284.589
284.519
284.453
284.39
284.33
284.273
284.218
284.165
284.113
284.063
284.015
283.967
283.92
283.873
283.827
283.782
283.737
283.692
283.65
283.602
283.578
301.414
301.152
300.893
300.628
300.352
300.058
299.74
299.394
299.016
298.604
298.159
297.683
297.178
296.649
296.101
295.54
294.97
294.397
293.827
293.264
292.711
292.173
291.652
291.151
290.671
290.212
289.777
289.365
288.976
288.61
288.266
287.944
287.643
287.362
287.1
286.856
286.63
286.419
286.223
286.041
285.873
285.716
285.571
285.436
285.311
285.195
285.087
284.986
284.892
284.805
284.723
284.646
284.574
284.506
284.442
284.382
284.324
284.268
284.215
284.164
284.115
284.067
284.02
283.974
283.929
283.885
283.84
283.797
283.753
283.71
283.666
283.625
283.578
283.555
300.597
300.488
300.377
300.242
300.076
299.868
299.611
299.3
298.933
298.513
298.043
297.53
296.981
296.405
295.81
295.205
294.595
293.989
293.391
292.808
292.242
291.696
291.173
290.675
290.202
289.755
289.333
288.937
288.565
288.218
287.893
287.59
287.309
287.047
286.804
286.578
286.369
286.175
285.995
285.828
285.674
285.531
285.399
285.276
285.162
285.056
284.958
284.866
284.781
284.701
284.627
284.557
284.491
284.429
284.37
284.315
284.262
284.211
284.162
284.114
284.068
284.024
283.98
283.936
283.894
283.852
283.809
283.767
283.725
283.684
283.641
283.602
283.555
283.533
299.779
299.91
300.015
300.059
300.025
299.906
299.695
299.392
299.003
298.537
298.007
297.427
296.809
296.166
295.511
294.853
294.2
293.56
292.938
292.338
291.763
291.216
290.697
290.207
289.746
289.313
288.908
288.53
288.177
287.849
287.545
287.262
286.999
286.756
286.531
286.323
286.13
285.952
285.787
285.635
285.494
285.364
285.243
285.131
285.027
284.931
284.841
284.758
284.68
284.608
284.54
284.476
284.416
284.359
284.305
284.254
284.205
284.158
284.112
284.068
284.026
283.984
283.942
283.902
283.861
283.821
283.781
283.74
283.7
283.66
283.618
283.58
283.533
283.514
299.192
299.646
300.016
300.25
300.331
300.26
300.043
299.692
299.225
298.665
298.037
297.36
296.653
295.933
295.212
294.501
293.808
293.139
292.499
291.889
291.312
290.767
290.256
289.778
289.331
288.914
288.527
288.167
287.833
287.524
287.238
286.973
286.729
286.503
286.294
286.101
285.923
285.759
285.607
285.467
285.338
285.218
285.107
285.005
284.91
284.822
284.74
284.663
284.592
284.526
284.463
284.405
284.349
284.297
284.247
284.2
284.155
284.111
284.068
284.027
283.987
283.948
283.909
283.87
283.831
283.793
283.754
283.715
283.676
283.637
283.596
283.559
283.512
283.495
298.992
299.847
300.503
300.893
301.02
300.919
300.619
300.147
299.54
298.842
298.085
297.294
296.49
295.69
294.907
294.15
293.425
292.735
292.083
291.469
290.894
290.357
289.857
289.391
288.96
288.56
288.19
287.847
287.531
287.239
286.97
286.722
286.493
286.282
286.088
285.909
285.744
285.591
285.451
285.322
285.202
285.092
284.99
284.895
284.808
284.726
284.651
284.581
284.515
284.454
284.396
284.342
284.291
284.242
284.196
284.152
284.109
284.069
284.029
283.99
283.952
283.915
283.878
283.841
283.804
283.767
283.73
283.692
283.654
283.616
283.575
283.54
283.493
283.478
299.279
300.614
301.537
301.983
302.036
301.807
301.34
300.673
299.878
299.014
298.115
297.206
296.307
295.436
294.6
293.806
293.057
292.354
291.696
291.084
290.515
289.987
289.499
289.048
288.632
288.248
287.894
287.568
287.268
286.992
286.738
286.504
286.289
286.091
285.909
285.742
285.588
285.446
285.315
285.195
285.084
284.982
284.887
284.799
284.718
284.643
284.573
284.508
284.447
284.39
284.336
284.286
284.238
284.193
284.15
284.109
284.069
284.031
283.993
283.957
283.921
283.885
283.85
283.814
283.779
283.743
283.707
283.671
283.634
283.596
283.556
283.522
283.474
283.462
300.115
302.019
303.121
303.43
303.263
302.819
302.108
301.188
300.177
299.142
298.104
297.085
296.104
295.174
294.297
293.476
292.711
292.001
291.344
290.736
290.175
289.659
289.184
288.746
288.345
287.975
287.636
287.325
287.039
286.777
286.536
286.315
286.112
285.926
285.754
285.597
285.453
285.32
285.198
285.085
284.981
284.886
284.797
284.715
284.64
284.57
284.504
284.443
284.387
284.333
284.283
284.236
284.192
284.149
284.109
284.07
284.033
283.996
283.961
283.926
283.892
283.858
283.824
283.79
283.756
283.722
283.687
283.651
283.614
283.578
283.539
283.505
283.456
283.447
301.543
304.114
305.18
305.07
304.562
303.852
302.835
301.627
300.404
299.212
298.048
296.934
295.888
294.912
294.006
293.167
292.393
291.681
291.027
290.426
289.875
289.37
288.907
288.483
288.094
287.738
287.412
287.114
286.841
286.591
286.361
286.151
285.959
285.782
285.62
285.472
285.335
285.21
285.095
284.989
284.891
284.801
284.718
284.642
284.571
284.505
284.444
284.387
284.333
284.283
284.236
284.192
284.15
284.11
284.072
284.035
284
283.965
283.931
283.898
283.866
283.833
283.8
283.768
283.735
283.701
283.667
283.633
283.597
283.561
283.522
283.489
283.44
283.433
303.606
306.933
307.548
306.701
305.824
304.83
303.455
301.959
300.552
299.223
297.952
296.763
295.667
294.658
293.731
292.882
292.104
291.394
290.745
290.152
289.611
289.116
288.665
288.253
287.876
287.533
287.218
286.931
286.669
286.429
286.21
286.009
285.825
285.657
285.503
285.362
285.233
285.114
285.005
284.905
284.813
284.728
284.649
284.577
284.51
284.448
284.39
284.336
284.286
284.238
284.194
284.152
284.112
284.075
284.038
284.003
283.97
283.937
283.905
283.873
283.841
283.81
283.779
283.747
283.715
283.683
283.649
283.615
283.58
283.545
283.506
283.474
283.424
283.42
306.394
310.455
309.96
308.149
306.995
305.699
303.934
302.183
300.631
299.187
297.828
296.582
295.45
294.418
293.478
292.623
291.846
291.139
290.496
289.911
289.379
288.895
288.454
288.053
287.687
287.354
287.05
286.772
286.52
286.289
286.078
285.885
285.709
285.549
285.401
285.267
285.143
285.03
284.926
284.831
284.743
284.662
284.588
284.519
284.456
284.397
284.342
284.291
284.243
284.198
284.156
284.116
284.079
284.042
284.008
283.975
283.942
283.911
283.88
283.85
283.819
283.789
283.759
283.728
283.697
283.665
283.633
283.599
283.565
283.53
283.491
283.459
283.409
283.408
310.069
314.547
312.11
309.341
308.064
306.42
304.266
302.318
300.654
299.115
297.688
296.401
295.243
294.195
293.247
292.39
291.615
290.913
290.276
289.7
289.176
288.701
288.27
287.878
287.522
287.197
286.902
286.634
286.389
286.166
285.963
285.777
285.608
285.453
285.312
285.182
285.064
284.956
284.856
284.765
284.682
284.604
284.533
284.468
284.407
284.351
284.299
284.25
284.205
284.162
284.122
284.084
284.048
284.013
283.98
283.948
283.917
283.887
283.857
283.828
283.799
283.77
283.74
283.71
283.68
283.649
283.617
283.584
283.55
283.516
283.477
283.446
283.394
283.397
314.847
318.907
313.746
310.307
309.025
306.969
304.47
302.388
300.637
299.019
297.541
296.225
295.049
293.991
293.039
292.181
291.409
290.712
290.082
289.513
288.998
288.531
288.108
287.725
287.376
287.06
286.773
286.512
286.274
286.058
285.861
285.682
285.518
285.369
285.233
285.108
284.994
284.89
284.795
284.707
284.627
284.553
284.485
284.422
284.364
284.31
284.26
284.214
284.17
284.129
284.091
284.054
284.02
283.987
283.955
283.924
283.895
283.865
283.837
283.808
283.78
283.751
283.723
283.694
283.664
283.634
283.602
283.57
283.536
283.503
283.464
283.433
283.381
283.387
320.898
323.1
314.773
311.129
309.858
307.349
304.581
302.411
300.588
298.907
297.393
296.056
294.867
293.802
292.848
291.992
291.224
290.532
289.908
289.346
288.838
288.38
287.965
287.589
287.248
286.939
286.659
286.405
286.174
285.963
285.772
285.598
285.439
285.295
285.163
285.043
284.933
284.832
284.74
284.655
284.578
284.507
284.441
284.381
284.325
284.273
284.225
284.18
284.139
284.099
284.062
284.027
283.994
283.962
283.932
283.902
283.873
283.845
283.817
283.79
283.762
283.735
283.707
283.678
283.649
283.619
283.589
283.557
283.524
283.49
283.452
283.422
283.368
283.377
328.194
326.664
315.273
311.87
310.53
307.58
304.627
302.399
300.514
298.784
297.244
295.892
294.694
293.626
292.672
291.818
291.054
290.368
289.752
289.197
288.696
288.245
287.837
287.469
287.135
286.833
286.559
286.31
286.085
285.88
285.693
285.524
285.37
285.229
285.101
284.984
284.877
284.78
284.691
284.609
284.534
284.465
284.402
284.344
284.29
284.24
284.193
284.15
284.11
284.072
284.037
284.003
283.971
283.94
283.91
283.882
283.854
283.827
283.8
283.773
283.746
283.719
283.692
283.664
283.636
283.606
283.576
283.545
283.512
283.479
283.44
283.41
283.355
283.369
336.428
329.225
315.462
312.563
311.017
307.689
304.624
302.354
300.415
298.649
297.09
295.728
294.526
293.457
292.506
291.658
290.9
290.221
289.612
289.064
288.571
288.126
287.726
287.363
287.036
286.739
286.471
286.227
286.006
285.806
285.624
285.458
285.308
285.171
285.046
284.932
284.828
284.733
284.647
284.567
284.495
284.428
284.367
284.31
284.258
284.209
284.165
284.123
284.084
284.047
284.013
283.98
283.949
283.919
283.891
283.863
283.836
283.809
283.783
283.757
283.731
283.705
283.678
283.651
283.623
283.594
283.564
283.533
283.5
283.468
283.43
283.4
283.344
283.36
345.104
330.583
315.489
313.189
311.329
307.701
304.572
302.264
300.283
298.494
296.927
295.563
294.363
293.299
292.355
291.514
290.763
290.092
289.489
288.948
288.462
288.024
287.628
287.272
286.949
286.658
286.394
286.154
285.938
285.741
285.563
285.4
285.253
285.119
284.997
284.886
284.784
284.692
284.607
284.53
284.459
284.394
284.334
284.28
284.229
284.182
284.138
284.098
284.06
284.024
283.991
283.959
283.929
283.9
283.873
283.846
283.819
283.793
283.768
283.742
283.717
283.691
283.665
283.638
283.611
283.582
283.553
283.522
283.49
283.457
283.419
283.39
283.332
283.353
353.638
331.032
315.372
313.619
311.453
307.611
304.448
302.122
300.125
298.334
296.772
295.414
294.221
293.164
292.226
291.392
290.648
289.982
289.385
288.85
288.369
287.935
287.545
287.193
286.874
286.587
286.327
286.091
285.878
285.684
285.509
285.349
285.205
285.073
284.953
284.844
284.745
284.654
284.572
284.496
284.427
284.364
284.305
284.252
284.202
284.157
284.114
284.075
284.038
284.004
283.971
283.94
283.911
283.883
283.856
283.829
283.804
283.779
283.754
283.729
283.704
283.678
283.653
283.626
283.599
283.571
283.542
283.512
283.48
283.447
283.41
283.38
283.322
283.345
360.073
331.329
315.187
313.698
311.36
307.445
304.299
301.981
299.985
298.198
296.642
295.291
294.103
293.052
292.12
291.29
290.551
289.89
289.298
288.767
288.29
287.86
287.474
287.125
286.81
286.526
286.268
286.036
285.825
285.634
285.461
285.304
285.162
285.032
284.914
284.807
284.71
284.621
284.54
284.466
284.398
284.336
284.279
284.227
284.178
284.134
284.092
284.054
284.018
283.984
283.952
283.922
283.894
283.866
283.84
283.814
283.789
283.765
283.74
283.716
283.691
283.667
283.641
283.615
283.589
283.561
283.532
283.502
283.47
283.438
283.401
283.371
283.312
283.339
)
;

boundaryField
{
    inlet
    {
        type            freestreamPressure;
        value           nonuniform List<scalar> 
230
(
278.929
278.933
278.939
278.946
278.953
278.961
278.968
278.977
278.986
278.995
279.005
279.015
279.026
279.038
279.05
279.063
279.077
279.091
279.107
279.123
279.141
279.159
279.179
279.2
279.222
279.245
279.27
279.297
279.325
279.355
279.387
279.42
279.456
279.494
279.535
279.578
279.623
279.671
279.722
279.776
279.834
279.894
279.957
280.024
280.094
280.168
280.245
280.325
280.408
280.495
280.584
280.676
280.771
280.868
280.966
281.066
281.166
281.266
281.366
281.464
281.561
281.654
281.744
281.829
281.909
281.983
282.049
282.107
282.155
282.193
282.219
282.234
282.231
282.232
283.164
282.279
281.501
280.832
280.27
279.804
279.425
279.12
278.879
278.692
278.552
278.45
278.38
278.337
278.315
278.311
278.321
278.341
278.369
278.401
278.437
278.475
278.512
278.548
278.583
278.616
278.646
278.674
278.701
278.726
278.75
278.772
278.793
278.812
278.831
278.848
278.864
278.879
278.893
278.907
278.919
284.121
285.007
285.788
286.46
287.03
287.507
287.904
288.231
288.498
288.714
288.889
289.028
289.138
289.224
289.29
289.34
289.376
289.401
289.418
289.428
289.432
289.432
289.428
289.423
289.415
289.406
289.396
289.386
289.375
289.364
289.354
289.343
289.333
289.324
289.314
289.306
289.297
289.289
289.282
289.274
289.268
289.262
289.258
289.255
289.251
289.247
289.242
289.238
289.233
289.228
289.222
289.216
289.209
289.203
289.195
289.187
289.179
289.17
289.16
289.149
289.138
289.126
289.112
289.098
289.083
289.067
289.049
289.03
289.009
288.987
288.962
288.936
288.908
288.878
288.845
288.809
288.771
288.73
288.685
288.637
288.585
288.529
288.469
288.404
288.334
288.26
288.181
288.096
288.005
287.909
287.807
287.699
287.585
287.465
287.34
287.209
287.073
286.933
286.788
286.64
286.488
286.335
286.18
286.026
285.871
285.719
285.57
285.424
285.284
285.149
285.022
284.903
284.79
284.694
284.581
)
;
    }
    outlet
    {
        type            freestreamPressure;
        value           nonuniform List<scalar> 
96
(
283.333
283.328
283.323
283.317
283.311
283.304
283.296
283.288
283.278
283.267
283.255
283.241
283.224
283.205
283.184
283.16
283.134
283.107
283.081
283.055
283.031
283.007
282.985
282.962
282.939
282.914
282.889
282.862
282.834
282.805
282.775
282.744
282.711
282.678
282.643
282.608
282.573
282.537
282.501
282.465
282.43
282.396
282.363
282.331
282.303
282.277
282.257
282.232
284.581
284.566
284.544
284.53
284.519
284.504
284.479
284.445
284.404
284.359
284.311
284.262
284.214
284.165
284.117
284.07
284.024
283.979
283.936
283.895
283.855
283.817
283.781
283.747
283.715
283.684
283.655
283.628
283.602
283.578
283.555
283.533
283.514
283.495
283.478
283.462
283.447
283.433
283.42
283.408
283.397
283.387
283.377
283.369
283.36
283.353
283.345
283.339
)
;
    }
    walls
    {
        type            zeroGradient;
    }
    frontAndBack
    {
        type            empty;
    }
}


// ************************************************************************* //
