1	4.97159e-06
2	0.000152928
3	0.000230609
4	0.00053841
5	0.000528935
6	0.000604865
7	0.000532693
8	0.000467731
9	0.00050878
10	0.000518637
11	0.000496535
12	0.000488382
13	0.000500089
14	0.000496092
15	0.000490841
16	0.00047597
17	0.000482793
18	0.000497295
19	0.000495861
20	0.000487228
21	0.000485359
22	0.000483752
23	0.000484839
24	0.000479132
25	0.000476929
26	0.000474634
27	0.000476271
28	0.000474575
29	0.000473427
30	0.00047469
31	0.00047611
32	0.000480889
33	0.000479313
34	0.000480571
35	0.000483883
36	0.000485544
37	0.000480251
38	0.000478115
39	0.000481677
40	0.000483373
41	0.000485357
42	0.000483335
43	0.000481262
44	0.00048413
45	0.000487901
46	0.000483845
47	0.000479778
48	0.000491585
49	0.000493511
50	0.000496325
51	0.000492146
52	0.000490555
53	0.00048011
54	0.00048216
55	0.000485279
56	0.000486566
57	0.00048393
58	0.000481205
59	0.000482425
60	0.000484575
61	0.000486793
62	0.000484045
63	0.000480826
64	0.000482855
65	0.000485428
66	0.00048322
67	0.00048038
68	0.000478062
69	0.000479922
70	0.000483022
71	0.000481055
72	0.000479054
73	0.000480453
74	0.000482626
75	0.000484517
76	0.000482229
77	0.000480281
78	0.000482423
79	0.000485761
80	0.000481973
81	0.000480012
82	0.000475665
83	0.000477649
84	0.000480934
85	0.000479425
86	0.000477321
87	0.000480459
88	0.000482134
89	0.000485824
90	0.000484406
91	0.000483082
92	0.000485881
93	0.000487168
94	0.000488593
95	0.000487603
96	0.000486399
97	0.000488207
98	0.000490165
99	0.000492004
100	0.000490625
101	0.000488741
102	0.000486995
103	0.000487584
104	0.000488094
105	0.000489349
106	0.00048787
107	0.000486859
108	0.00048825
109	0.000489298
110	0.000490259
111	0.000491983
112	0.000490928
113	0.000489863
114	0.00048881
115	0.000489606
116	0.00049066
117	0.000491474
118	0.000490449
119	0.000489802
120	0.000489308
121	0.000490056
122	0.000491234
123	0.000492175
124	0.000492592
125	0.000492922
126	0.000493676
127	0.000494426
128	0.000495055
129	0.000495839
130	0.000498667
131	0.000499
132	0.000500007
133	0.000500802
134	0.000501213
135	0.00050174
136	0.000502248
137	0.000503169
138	0.000503537
139	0.000504748
140	0.000505817
141	0.00050659
142	0.000507642
143	0.000508323
144	0.000509589
145	0.000510717
146	0.000511827
147	0.00051309
148	0.000513824
149	0.000514492
150	0.000515331
151	0.00051577
152	0.000516513
153	0.000517444
154	0.000518411
155	0.000519324
156	0.000520281
157	0.000521032
158	0.000521543
159	0.000522165
160	0.000522778
161	0.000519672
162	0.000518818
163	0.000517557
164	0.00051655
165	0.000515627
166	0.000515007
167	0.000514283
168	0.000513476
169	0.000512355
170	0.000511284
171	0.000510341
172	0.000509498
173	0.000508726
174	0.000507923
175	0.000507128
176	0.000506386
177	0.000505747
178	0.000505226
179	0.000505343
180	0.000504887
181	0.000504371
182	0.000503887
183	0.000503419
184	0.000502993
185	0.000502621
186	0.000502277
187	0.000501929
188	0.0005016
189	0.000501262
190	0.000500414
191	0.000501496
192	0.000502322
193	0.000499963
194	0.000499015
195	0.000497257
196	0.000495841
197	0.000495381
198	0.000494955
199	0.000494542
200	0.000494044
201	0.000493652
202	0.000492478
203	0.000490842
204	0.000490486
205	0.000490071
206	0.000489614
207	0.000489115
208	0.000488608
209	0.000488141
210	0.000487699
211	0.000487271
212	0.00048688
213	0.000486503
214	0.000486122
215	0.000485768
216	0.000485439
217	0.000485122
218	0.00048482
219	0.000484519
220	0.000484207
221	0.000483916
222	0.000483636
223	0.000483336
224	0.000483026
225	0.000482701
226	0.000482364
227	0.000482034
228	0.000481706
229	0.000481355
230	0.000480974
231	0.000480543
232	0.000479977
233	0.000479328
234	0.000477831
235	0.000479953
236	0.000482009
237	0.000484308
238	0.000486178
239	0.000486468
240	0.0004868
241	0.000487223
242	0.000487666
243	0.000488057
244	0.0004884
245	0.000488731
246	0.000489035
247	0.000489874
248	0.00049064
249	0.000491388
250	0.000492002
251	0.000492486
252	0.000492914
253	0.000493381
254	0.000493925
255	0.000494468
256	0.000494987
257	0.000495482
258	0.000495942
259	0.000496353
260	0.000496747
261	0.000497163
262	0.000497514
263	0.000497904
264	0.000498419
265	0.000498968
266	0.000499493
267	0.000499985
268	0.000500365
269	0.00050067
270	0.000501176
271	0.00050179
272	0.000502397
273	0.000503004
274	0.000503557
275	0.000504071
276	0.000504536
277	0.000504969
278	0.000505372
279	0.000505753
280	0.000506105
281	0.000506454
282	0.000506787
283	0.000507096
284	0.000507398
285	0.000507702
286	0.000508011
287	0.000508319
288	0.000508643
289	0.000508966
290	0.000509307
291	0.000509648
292	0.000509985
293	0.000510331
294	0.000510686
295	0.000511012
296	0.000511353
297	0.000511678
298	0.000511969
299	0.000512263
300	0.000510519
301	0.000511433
302	0.000511732
303	0.00051204
304	0.000513002
305	0.000514043
306	0.000514909
307	0.000515766
308	0.000516758
309	0.000517431
310	0.000518317
311	0.000519106
312	0.000519856
313	0.000520712
314	0.000521428
315	0.000522273
316	0.000523089
317	0.000523685
318	0.000524262
319	0.000524933
320	0.000525445
321	0.000525972
322	0.000526575
323	0.00052705
324	0.000527428
325	0.000527921
326	0.000528455
327	0.000528762
328	0.000529249
329	0.000529884
330	0.00053042
331	0.000530838
332	0.000531228
333	0.000531853
334	0.000532186
335	0.000533417
336	0.000533975
337	0.000536074
338	0.000536955
339	0.000537882
340	0.00053855
341	0.000539876
342	0.000541319
343	0.000542727
344	0.00054434
345	0.000546524
346	0.000547663
347	0.000549642
348	0.000547846
349	0.000548902
350	0.000551036
351	0.0005493
352	0.000550674
353	0.000552816
354	0.000551352
355	0.000553871
356	0.000555366
357	0.000554091
358	0.000552189
359	0.000550065
360	0.000552194
361	0.000550932
362	0.000552069
363	0.000553957
364	0.000555971
365	0.000556852
366	0.000558581
367	0.000557664
368	0.000555608
369	0.000557278
370	0.000555875
371	0.000556754
372	0.000558941
373	0.000558067
374	0.000556175
375	0.000557582
376	0.000556528
377	0.000558841
378	0.000557003
379	0.000555206
380	0.00055712
381	0.000555913
382	0.000555337
383	0.000556155
384	0.00055641
385	0.000554654
386	0.000555877
387	0.000554969
388	0.000553512
389	0.000552053
390	0.000551248
391	0.000549681
392	0.000551393
393	0.000550197
394	0.000549013
395	0.00054826
396	0.000547
397	0.000545366
398	0.000547032
399	0.000545532
400	0.000544318
401	0.000544548
402	0.000543653
403	0.000542271
404	0.000541561
405	0.000540897
406	0.000539225
407	0.000538519
408	0.000536393
409	0.00053457
410	0.000535513
411	0.000533581
412	0.000532014
413	0.000533452
414	0.000533067
415	0.000532837
416	0.000533727
417	0.000533256
418	0.000532046
419	0.000531663
420	0.000530673
421	0.000531243
422	0.000531436
423	0.000531359
424	0.000531694
425	0.000531481
426	0.000532658
427	0.000533251
428	0.000533266
429	0.000532686
430	0.00053219
431	0.000531531
432	0.000531389
433	0.000532505
434	0.000531375
435	0.000531562
436	0.000529917
437	0.00052861
438	0.000529091
439	0.000529891
440	0.000528717
441	0.000529038
442	0.000528978
443	0.000528534
444	0.000528136
445	0.000527213
446	0.000527249
447	0.000526891
448	0.000525857
449	0.000525567
450	0.000526259
451	0.000526079
452	0.000526206
453	0.000526677
454	0.000525973
455	0.000526014
456	0.000525493
457	0.000524148
458	0.000524038
459	0.000523518
460	0.000523003
461	0.000523016
462	0.000524051
463	0.000523434
464	0.000523428
465	0.00052229
466	0.000521771
467	0.000521487
468	0.000520434
469	0.000520253
470	0.000520332
471	0.000521106
472	0.000522536
473	0.000522225
474	0.000522396
475	0.000523238
476	0.000523248
477	0.000523403
478	0.00052317
479	0.000523276
480	0.000523369
481	0.000524021
482	0.000524033
483	0.000524112
484	0.000523914
485	0.000523813
486	0.000524714
487	0.000524755
488	0.00052454
489	0.000524602
490	0.000524341
491	0.000524137
492	0.000524688
493	0.000525535
494	0.000525251
495	0.000525684
496	0.000525714
497	0.000525738
498	0.000525741
499	0.000526013
500	0.000526042
501	0.000526038
502	0.000526551
503	0.000526537
504	0.000526737
505	0.000527008
506	0.000527026
507	0.000527417
508	0.000527823
509	0.000527659
510	0.000527897
511	0.000528036
512	0.00052805
513	0.000528398
514	0.00052889
515	0.000528845
516	0.000529112
517	0.000529685
518	0.000529691
519	0.000529941
520	0.000530397
521	0.000530381
522	0.000530576
523	0.000531331
524	0.000531372
525	0.000531514
526	0.000531949
527	0.000531701
528	0.000531474
529	0.000531584
530	0.000531414
531	0.000531097
532	0.000531184
533	0.000531408
534	0.000531631
535	0.000532012
536	0.000532022
537	0.000532345
538	0.000531852
539	0.000531579
540	0.000531605
541	0.000531897
542	0.000531961
543	0.000532096
544	0.000531984
545	0.000531822
546	0.000532255
547	0.000532925
548	0.000532635
549	0.000532752
550	0.000532878
551	0.000532751
552	0.000532337
553	0.000532738
554	0.000532657
555	0.000533123
556	0.000533448
557	0.000533163
558	0.000533436
559	0.000533695
560	0.000533398
561	0.000533536
562	0.000533687
563	0.000533474
564	0.000533704
565	0.000533799
566	0.000533615
567	0.000533985
568	0.000534286
569	0.000533938
570	0.000534102
571	0.00053436
572	0.000534095
573	0.00053413
574	0.000534422
575	0.000534447
576	0.000534797
577	0.000534912
578	0.000534703
579	0.000535048
580	0.000535307
581	0.000534987
582	0.000535249
583	0.000535522
584	0.000535248
585	0.000535063
586	0.000535341
587	0.000535352
588	0.000535719
589	0.000535789
590	0.000535593
591	0.000535921
592	0.000536177
593	0.000536027
594	0.000536209
595	0.00053652
596	0.000536366
597	0.000536565
598	0.000536839
599	0.00053666
600	0.000536823
601	0.000537127
602	0.00053697
603	0.000537171
604	0.000537406
605	0.000537233
606	0.000537485
607	0.000537845
608	0.000537685
609	0.000537863
610	0.000538087
611	0.000537895
612	0.000538131
613	0.000538318
614	0.000537964
615	0.000538071
616	0.000537529
617	0.000537374
618	0.000537385
619	0.00053776
620	0.00053737
621	0.000537545
622	0.000537657
623	0.000537378
624	0.000537205
625	0.000537346
626	0.000537147
627	0.000537316
628	0.000537378
629	0.000537013
630	0.000537049
631	0.000537353
632	0.000537198
633	0.000537233
634	0.000537066
635	0.000536758
636	0.000536853
637	0.000537103
638	0.000536882
639	0.000536935
640	0.000536958
641	0.000536697
642	0.000536744
643	0.000536929
644	0.00053672
645	0.000536817
646	0.000536872
647	0.000536605
648	0.000536647
649	0.000536847
650	0.000536648
651	0.000536748
652	0.0005368
653	0.000536536
654	0.000536587
655	0.000536799
656	0.000536606
657	0.000536713
658	0.000536812
659	0.000536571
660	0.000536643
661	0.000536871
662	0.000536693
663	0.000536821
664	0.000537016
665	0.000536799
666	0.000536889
667	0.000537139
668	0.000536978
669	0.000537123
670	0.000537355
671	0.000537152
672	0.000537257
673	0.000537514
674	0.000537352
675	0.000537502
676	0.00053774
677	0.000537542
678	0.000537651
679	0.000537906
680	0.000537754
681	0.000537919
682	0.000538151
683	0.000537951
684	0.000538062
685	0.000538322
686	0.000538173
687	0.000538332
688	0.000538538
689	0.000538344
690	0.000538457
691	0.000538785
692	0.00053858
693	0.000538644
694	0.000538844
695	0.000538624
696	0.000538587
697	0.000538863
698	0.000538724
699	0.000538847
700	0.000539012
701	0.000538723
702	0.000538679
703	0.000538984
704	0.000538844
705	0.000538929
706	0.00053908
707	0.000538794
708	0.000538752
709	0.000539043
710	0.000538883
711	0.000539013
712	0.000539135
713	0.000538801
714	0.000538812
715	0.000539101
716	0.000538889
717	0.000538987
718	0.00053912
719	0.000538805
720	0.000538843
721	0.00053914
722	0.000539271
723	0.000539281
724	0.000539004
725	0.000538741
726	0.000538588
727	0.00053879
728	0.000538974
729	0.000538826
730	0.000538818
