1	4.97159e-06
2	0.000147956
3	7.76809e-05
4	0.000307801
5	-9.4752e-06
6	7.59305e-05
7	-7.21718e-05
8	-6.49625e-05
9	4.10486e-05
10	9.85734e-06
11	-2.21023e-05
12	-8.15249e-06
13	1.17073e-05
14	-3.99713e-06
15	-5.25159e-06
16	-1.48705e-05
17	6.8231e-06
18	1.45017e-05
19	-1.43388e-06
20	-8.63293e-06
21	-1.86882e-06
22	-1.6073e-06
23	1.08685e-06
24	-5.707e-06
25	-2.20311e-06
26	-2.29516e-06
27	1.6377e-06
28	-1.6965e-06
29	-1.14785e-06
30	1.26278e-06
31	1.42042e-06
32	4.77907e-06
33	-1.57625e-06
34	1.25788e-06
35	3.31236e-06
36	1.6612e-06
37	-5.29324e-06
38	-2.13595e-06
39	3.56142e-06
40	1.69622e-06
41	1.9842e-06
42	-2.02196e-06
43	-2.07302e-06
44	2.86771e-06
45	3.77104e-06
46	-4.05553e-06
47	-4.06712e-06
48	1.18071e-05
49	1.92585e-06
50	2.81402e-06
51	-4.17858e-06
52	-1.59145e-06
53	-1.04449e-05
54	2.04968e-06
55	3.11899e-06
56	1.28716e-06
57	-2.63622e-06
58	-2.72428e-06
59	1.21998e-06
60	2.1496e-06
61	2.21754e-06
62	-2.74767e-06
63	-3.21844e-06
64	2.0289e-06
65	2.57232e-06
66	-2.2079e-06
67	-2.83942e-06
68	-2.31807e-06
69	1.86016e-06
70	3.09936e-06
71	-1.96636e-06
72	-2.00102e-06
73	1.39847e-06
74	2.17267e-06
75	1.89128e-06
76	-2.28809e-06
77	-1.94764e-06
78	2.1423e-06
79	3.33719e-06
80	-3.78744e-06
81	-1.96113e-06
82	-4.34665e-06
83	1.98342e-06
84	3.28522e-06
85	-1.5091e-06
86	-2.10343e-06
87	3.13804e-06
88	1.67456e-06
89	3.69001e-06
90	-1.4182e-06
91	-1.32365e-06
92	2.79856e-06
93	1.28692e-06
94	1.42488e-06
95	-9.89195e-07
96	-1.20469e-06
97	1.80785e-06
98	1.95878e-06
99	1.83828e-06
100	-1.3784e-06
101	-1.88393e-06
102	-1.7466e-06
103	5.89278e-07
104	5.09716e-07
105	1.25575e-06
106	-1.47965e-06
107	-1.0112e-06
108	1.39125e-06
109	1.04866e-06
110	9.60192e-07
111	1.72425e-06
112	-1.05441e-06
113	-1.06551e-06
114	-1.05297e-06
115	7.96019e-07
116	1.05439e-06
117	8.13165e-07
118	-1.02432e-06
119	-6.46859e-07
120	-4.93974e-07
121	7.47615e-07
122	1.17842e-06
123	9.40207e-07
124	4.16958e-07
125	3.30196e-07
126	7.53745e-07
127	7.50585e-07
128	6.29191e-07
129	7.83598e-07
130	2.828e-06
131	3.32829e-07
132	1.00694e-06
133	7.94896e-07
134	4.11404e-07
135	5.26962e-07
136	5.08003e-07
137	9.2123e-07
138	3.67994e-07
139	1.21054e-06
140	1.06921e-06
141	7.73006e-07
142	1.05187e-06
143	6.80803e-07
144	1.26603e-06
145	1.12812e-06
146	1.11036e-06
147	1.26248e-06
148	7.33996e-07
149	6.68209e-07
150	8.39556e-07
151	4.38579e-07
152	7.43285e-07
153	9.30603e-07
154	9.67275e-07
155	9.13217e-07
156	9.56744e-07
157	7.50784e-07
158	5.11013e-07
159	6.22565e-07
160	6.12728e-07
161	-3.10579e-06
162	-8.54876e-07
163	-1.26057e-06
164	-1.00674e-06
165	-9.23178e-07
166	-6.20363e-07
167	-7.23597e-07
168	-8.07084e-07
169	-1.12057e-06
170	-1.07116e-06
171	-9.43248e-07
172	-8.43428e-07
173	-7.71964e-07
174	-8.02734e-07
175	-7.95117e-07
176	-7.41462e-07
177	-6.39774e-07
178	-5.20091e-07
179	1.16359e-07
180	-4.55503e-07
181	-5.163e-07
182	-4.83711e-07
183	-4.68655e-07
184	-4.26008e-07
185	-3.71571e-07
186	-3.44036e-07
187	-3.48447e-07
188	-3.28183e-07
189	-3.3789e-07
190	-8.48424e-07
191	1.08195e-06
192	8.25568e-07
193	-2.3584e-06
194	-9.48542e-07
195	-1.75796e-06
196	-1.4156e-06
197	-4.60156e-07
198	-4.26283e-07
199	-4.12649e-07
200	-4.97478e-07
201	-3.92923e-07
202	-1.17306e-06
203	-1.63606e-06
204	-3.56562e-07
205	-4.15347e-07
206	-4.56741e-07
207	-4.99033e-07
208	-5.07188e-07
209	-4.66974e-07
210	-4.41187e-07
211	-4.28789e-07
212	-3.90996e-07
213	-3.76549e-07
214	-3.80698e-07
215	-3.54096e-07
216	-3.29718e-07
217	-3.16423e-07
218	-3.02633e-07
219	-3.00725e-07
220	-3.11855e-07
221	-2.91219e-07
222	-2.7978e-07
223	-2.99491e-07
224	-3.10543e-07
225	-3.24441e-07
226	-3.37104e-07
227	-3.3076e-07
228	-3.27565e-07
229	-3.51221e-07
230	-3.80474e-07
231	-4.31121e-07
232	-5.66016e-07
233	-6.49172e-07
234	-1.49732e-06
235	2.12206e-06
236	2.0558e-06
237	2.29934e-06
238	1.86967e-06
239	2.90659e-07
240	3.31719e-07
241	4.23544e-07
242	4.42956e-07
243	3.90684e-07
244	3.43246e-07
245	3.31e-07
246	3.03419e-07
247	8.39537e-07
248	7.65824e-07
249	7.48122e-07
250	6.13677e-07
251	4.8412e-07
252	4.27456e-07
253	4.67477e-07
254	5.43567e-07
255	5.43917e-07
256	5.18922e-07
257	4.94202e-07
258	4.60101e-07
259	4.11083e-07
260	3.94187e-07
261	4.16048e-07
262	3.50747e-07
263	3.90233e-07
264	5.15263e-07
265	5.48504e-07
266	5.25646e-07
267	4.91826e-07
268	3.79401e-07
269	3.05429e-07
270	5.06147e-07
271	6.13346e-07
272	6.07128e-07
273	6.06946e-07
274	5.53246e-07
275	5.14139e-07
276	4.6529e-07
277	4.33156e-07
278	4.02934e-07
279	3.80667e-07
280	3.51794e-07
281	3.49608e-07
282	3.3293e-07
283	3.08455e-07
284	3.01658e-07
285	3.04371e-07
286	3.09471e-07
287	3.07654e-07
288	3.24211e-07
289	3.23169e-07
290	3.40714e-07
291	3.41201e-07
292	3.3648e-07
293	3.46213e-07
294	3.54653e-07
295	3.25977e-07
296	3.41268e-07
297	3.25344e-07
298	2.91137e-07
299	2.9364e-07
300	-1.74427e-06
301	9.14268e-07
302	2.99437e-07
303	3.07772e-07
304	9.62003e-07
305	1.04031e-06
306	8.66401e-07
307	8.56667e-07
308	9.92214e-07
309	6.7276e-07
310	8.86607e-07
311	7.8865e-07
312	7.50172e-07
313	8.55796e-07
314	7.15973e-07
315	8.45633e-07
316	8.16044e-07
317	5.95854e-07
318	5.76913e-07
319	6.71078e-07
320	5.11846e-07
321	5.26831e-07
322	6.02529e-07
323	4.75188e-07
324	3.77937e-07
325	4.9325e-07
326	5.34245e-07
327	3.07364e-07
328	4.86825e-07
329	6.35098e-07
330	5.35747e-07
331	4.17599e-07
332	3.8976e-07
333	6.25363e-07
334	3.33414e-07
335	1.23066e-06
336	5.57696e-07
337	2.09978e-06
338	8.80455e-07
339	9.27311e-07
340	6.67555e-07
341	1.32656e-06
342	1.44306e-06
343	1.4075e-06
344	1.6135e-06
345	2.18335e-06
346	1.13908e-06
347	1.97919e-06
348	-1.79638e-06
349	1.05624e-06
350	2.1337e-06
351	-1.73531e-06
352	1.37385e-06
353	2.14203e-06
354	-1.46422e-06
355	2.51893e-06
356	1.49561e-06
357	-1.27521e-06
358	-1.90201e-06
359	-2.12445e-06
360	2.12903e-06
361	-1.26155e-06
362	1.13665e-06
363	1.8884e-06
364	2.01404e-06
365	8.80479e-07
366	1.72895e-06
367	-9.17159e-07
368	-2.05539e-06
369	1.66982e-06
370	-1.40312e-06
371	8.78841e-07
372	2.1874e-06
373	-8.74591e-07
374	-1.89173e-06
375	1.40763e-06
376	-1.05459e-06
377	2.31322e-06
378	-1.8377e-06
379	-1.79788e-06
380	1.91481e-06
381	-1.20771e-06
382	-5.75141e-07
383	8.1738e-07
384	2.54828e-07
385	-1.75583e-06
386	1.22276e-06
387	-9.08089e-07
388	-1.45624e-06
389	-1.45942e-06
390	-8.04707e-07
391	-1.56754e-06
392	1.71188e-06
393	-1.19539e-06
394	-1.18461e-06
395	-7.52652e-07
396	-1.25993e-06
397	-1.63414e-06
398	1.66584e-06
399	-1.4999e-06
400	-1.21407e-06
401	2.30683e-07
402	-8.95644e-07
403	-1.3821e-06
404	-7.09305e-07
405	-6.64031e-07
406	-1.67228e-06
407	-7.06492e-07
408	-2.12553e-06
409	-1.82318e-06
410	9.43298e-07
411	-1.93218e-06
412	-1.56665e-06
413	1.43814e-06
414	-3.85217e-07
415	-2.30075e-07
416	8.89502e-07
417	-4.70355e-07
418	-1.21052e-06
419	-3.82442e-07
420	-9.90165e-07
421	5.70292e-07
422	1.92155e-07
423	-7.6387e-08
424	3.34735e-07
425	-2.13324e-07
426	1.17719e-06
427	5.93482e-07
428	1.5163e-08
429	-5.8032e-07
430	-4.96185e-07
431	-6.58683e-07
432	-1.41796e-07
433	1.11506e-06
434	-1.12996e-06
435	1.87778e-07
436	-1.64552e-06
437	-1.30706e-06
438	4.81227e-07
439	8.00126e-07
440	-1.17402e-06
441	3.21234e-07
442	-5.98344e-08
443	-4.43995e-07
444	-3.9816e-07
445	-9.23452e-07
446	3.60641e-08
447	-3.58094e-07
448	-1.03431e-06
449	-2.89431e-07
450	6.91936e-07
451	-1.8025e-07
452	1.27077e-07
453	4.7099e-07
454	-7.03978e-07
455	4.08877e-08
456	-5.2033e-07
457	-1.34578e-06
458	-1.0967e-07
459	-5.19995e-07
460	-5.15049e-07
461	1.32022e-08
462	1.03437e-06
463	-6.16543e-07
464	-5.7601e-09
465	-1.13781e-06
466	-5.19826e-07
467	-2.8369e-07
468	-1.05247e-06
469	-1.80943e-07
470	7.90096e-08
471	7.73573e-07
472	1.42984e-06
473	-3.10823e-07
474	1.70642e-07
475	8.4247e-07
476	9.45932e-09
477	1.55019e-07
478	-2.32869e-07
479	1.05805e-07
480	9.31556e-08
481	6.51939e-07
482	1.24626e-08
483	7.85151e-08
484	-1.98143e-07
485	-1.00421e-07
486	9.0081e-07
487	4.09e-08
488	-2.1513e-07
489	6.23201e-08
490	-2.60901e-07
491	-2.04313e-07
492	5.50768e-07
493	8.47266e-07
494	-2.83827e-07
495	4.32739e-07
496	3.04064e-08
497	2.37945e-08
498	2.96152e-09
499	2.72575e-07
500	2.84197e-08
501	-4.0914e-09
502	5.12725e-07
503	-1.39673e-08
504	2.00096e-07
505	2.71e-07
506	1.87118e-08
507	3.90726e-07
508	4.05824e-07
509	-1.637e-07
510	2.37943e-07
511	1.39322e-07
512	1.37603e-08
513	3.47321e-07
514	4.92115e-07
515	-4.51067e-08
516	2.6728e-07
517	5.72638e-07
518	6.53012e-09
519	2.49716e-07
520	4.56455e-07
521	-1.57753e-08
522	1.94829e-07
523	7.5455e-07
524	4.09618e-08
525	1.42344e-07
526	4.34661e-07
527	-2.47753e-07
528	-2.26995e-07
529	1.10003e-07
530	-1.70342e-07
531	-3.16672e-07
532	8.72755e-08
533	2.23846e-07
534	2.23328e-07
535	3.8059e-07
536	1.02904e-08
537	3.22954e-07
538	-4.93596e-07
539	-2.72919e-07
540	2.65424e-08
541	2.92113e-07
542	6.36198e-08
543	1.34736e-07
544	-1.12246e-07
545	-1.616e-07
546	4.33156e-07
547	6.69786e-07
548	-2.89437e-07
549	1.16744e-07
550	1.25559e-07
551	-1.26511e-07
552	-4.14714e-07
553	4.0184e-07
554	-8.09732e-08
555	4.65784e-07
556	3.24576e-07
557	-2.84767e-07
558	2.73136e-07
559	2.59162e-07
560	-2.97776e-07
561	1.38356e-07
562	1.50848e-07
563	-2.13108e-07
564	2.30743e-07
565	9.47097e-08
566	-1.8379e-07
567	3.69877e-07
568	3.00539e-07
569	-3.47448e-07
570	1.63795e-07
571	2.58213e-07
572	-2.64892e-07
573	3.46272e-08
574	2.92155e-07
575	2.52685e-08
576	3.49143e-07
577	1.15281e-07
578	-2.08928e-07
579	3.45445e-07
580	2.58643e-07
581	-3.19685e-07
582	2.61866e-07
583	2.72473e-07
584	-2.73513e-07
585	-1.84906e-07
586	2.7732e-07
587	1.12987e-08
588	3.67e-07
589	7.05263e-08
590	-1.96511e-07
591	3.28169e-07
592	2.55503e-07
593	-1.4942e-07
594	1.81631e-07
595	3.10943e-07
596	-1.53593e-07
597	1.9887e-07
598	2.74274e-07
599	-1.78994e-07
600	1.62455e-07
601	3.04147e-07
602	-1.56956e-07
603	2.00925e-07
604	2.3548e-07
605	-1.73545e-07
606	2.51872e-07
607	3.60548e-07
608	-1.59978e-07
609	1.7745e-07
610	2.2466e-07
611	-1.92397e-07
612	2.36531e-07
613	1.8643e-07
614	-3.5355e-07
615	1.06438e-07
616	-5.4191e-07
617	-1.55068e-07
618	1.16516e-08
619	3.74258e-07
620	-3.89417e-07
621	1.74413e-07
622	1.11839e-07
623	-2.78225e-07
624	-1.72948e-07
625	1.40189e-07
626	-1.98553e-07
627	1.69232e-07
628	6.20082e-08
629	-3.65036e-07
630	3.60879e-08
631	3.0361e-07
632	-1.54458e-07
633	3.49573e-08
634	-1.67576e-07
635	-3.08029e-07
636	9.53836e-08
637	2.49457e-07
638	-2.20578e-07
639	5.27468e-08
640	2.34372e-08
641	-2.61175e-07
642	4.69616e-08
643	1.85469e-07
644	-2.09311e-07
645	9.66094e-08
646	5.52374e-08
647	-2.66594e-07
648	4.20599e-08
649	1.99971e-07
650	-1.99041e-07
651	9.96898e-08
652	5.15366e-08
653	-2.63462e-07
654	5.12835e-08
655	2.1165e-07
656	-1.93567e-07
657	1.07679e-07
658	9.92e-08
659	-2.41216e-07
660	7.14481e-08
661	2.27985e-07
662	-1.78098e-07
663	1.28339e-07
664	1.94668e-07
665	-2.16321e-07
666	8.94648e-08
667	2.50667e-07
668	-1.61155e-07
669	1.44418e-07
670	2.31985e-07
671	-2.02642e-07
672	1.04968e-07
673	2.56814e-07
674	-1.61908e-07
675	1.50487e-07
676	2.38136e-07
677	-1.98298e-07
678	1.08716e-07
679	2.55322e-07
680	-1.51706e-07
681	1.64857e-07
682	2.32113e-07
683	-2.00697e-07
684	1.11007e-07
685	2.60017e-07
686	-1.49105e-07
687	1.59162e-07
688	2.05722e-07
689	-1.93581e-07
690	1.12946e-07
691	3.27579e-07
692	-2.04102e-07
693	6.39311e-08
694	1.99505e-07
695	-2.20285e-07
696	-3.65174e-08
697	2.75601e-07
698	-1.38471e-07
699	1.23298e-07
700	1.64133e-07
701	-2.88906e-07
702	-4.35782e-08
703	3.04448e-07
704	-1.39741e-07
705	8.56123e-08
706	1.51001e-07
707	-2.86382e-07
708	-4.1641e-08
709	2.90115e-07
710	-1.59795e-07
711	1.3044e-07
712	1.21884e-07
713	-3.34106e-07
714	1.06712e-08
715	2.89543e-07
716	-2.12059e-07
717	9.83203e-08
718	1.32662e-07
719	-3.14841e-07
720	3.73138e-08
721	2.97051e-07
722	1.31353e-07
723	1.04822e-08
724	-2.77658e-07
725	-2.6281e-07
726	-1.52848e-07
727	2.01732e-07
728	1.83791e-07
729	-1.47983e-07
730	-7.84501e-09
