1	6.90119e-07
2	2.94976e-07
3	5.51097e-07
4	5.07027e-07
5	3.00779e-07
6	6.07349e-07
7	4.97125e-07
8	4.34649e-07
9	3.96767e-07
10	3.47179e-07
11	2.88819e-07
12	2.83559e-07
13	2.85328e-07
14	2.68599e-07
15	9.70081e-07
16	9.57619e-07
17	9.27202e-07
18	8.97907e-07
19	8.78514e-07
20	8.56497e-07
21	8.29717e-07
22	8.05136e-07
23	7.89604e-07
24	7.75091e-07
25	7.54693e-07
26	7.2712e-07
27	7.04738e-07
28	6.86887e-07
29	6.69194e-07
30	6.63186e-07
31	6.44625e-07
32	6.09985e-07
33	5.85016e-07
34	5.76811e-07
35	5.78841e-07
36	5.58594e-07
37	5.31067e-07
38	5.12843e-07
39	5.1058e-07
40	5.02511e-07
41	4.84652e-07
42	4.6639e-07
43	4.61408e-07
44	4.58105e-07
45	4.44132e-07
46	4.26853e-07
47	4.17847e-07
48	4.14615e-07
49	4.02621e-07
50	3.85693e-07
51	3.74194e-07
52	3.69903e-07
53	3.60254e-07
54	3.46083e-07
55	3.35115e-07
56	3.28937e-07
57	3.21704e-07
58	3.11146e-07
59	3.03037e-07
60	2.99305e-07
61	2.93391e-07
62	2.85177e-07
63	2.8032e-07
64	2.78407e-07
65	2.73751e-07
66	2.6771e-07
67	2.65032e-07
68	2.63556e-07
69	2.60416e-07
70	2.56881e-07
71	9.99303e-07
72	9.95513e-07
73	9.89315e-07
74	9.8221e-07
75	9.76722e-07
76	9.74681e-07
77	9.71478e-07
78	9.66862e-07
79	9.62543e-07
80	9.61389e-07
81	9.59527e-07
82	9.56569e-07
83	9.53669e-07
84	9.52577e-07
85	9.51117e-07
86	9.49166e-07
87	9.47917e-07
88	9.4686e-07
89	9.45511e-07
90	9.44433e-07
91	9.4398e-07
92	9.43361e-07
93	9.42912e-07
94	9.42152e-07
95	9.42322e-07
96	9.42255e-07
97	9.42918e-07
98	9.43086e-07
99	9.43477e-07
100	9.43836e-07
101	9.44775e-07
102	9.45593e-07
103	9.46725e-07
104	9.4776e-07
105	9.48957e-07
106	9.50141e-07
107	9.51387e-07
108	9.52526e-07
109	9.53616e-07
110	9.55358e-07
111	9.56476e-07
112	9.57453e-07
113	9.5893e-07
114	9.60999e-07
115	9.62627e-07
116	9.64535e-07
117	9.65344e-07
118	9.66248e-07
119	9.67176e-07
120	9.68325e-07
121	9.69165e-07
122	9.70317e-07
123	9.70503e-07
124	9.705e-07
125	9.70264e-07
126	9.6952e-07
127	9.69377e-07
128	9.69606e-07
129	9.68552e-07
130	9.67926e-07
131	9.66895e-07
132	9.65496e-07
133	9.63566e-07
134	9.61707e-07
135	9.5925e-07
136	9.56638e-07
137	9.5464e-07
138	9.52847e-07
139	9.49399e-07
140	9.47848e-07
141	9.45456e-07
142	9.42471e-07
143	9.40254e-07
144	9.36887e-07
145	9.3393e-07
146	9.30932e-07
147	9.2745e-07
148	9.23962e-07
149	9.2081e-07
150	9.17695e-07
151	9.14983e-07
152	9.12319e-07
153	9.09945e-07
154	9.07053e-07
155	9.04417e-07
156	9.01977e-07
157	8.99237e-07
158	8.9654e-07
159	8.9359e-07
160	8.91391e-07
161	8.89635e-07
162	8.87454e-07
163	8.85949e-07
164	8.8401e-07
165	8.82821e-07
166	8.81435e-07
167	8.80212e-07
168	8.79179e-07
169	8.78192e-07
170	8.77351e-07
171	8.77024e-07
172	8.76997e-07
173	8.77505e-07
174	8.78387e-07
175	8.79708e-07
176	8.81304e-07
177	8.83377e-07
178	8.85317e-07
179	8.874e-07
180	8.89779e-07
181	8.92243e-07
182	8.95088e-07
183	8.97879e-07
184	9.00827e-07
185	9.0383e-07
186	9.0674e-07
187	9.09635e-07
188	9.1268e-07
189	9.15479e-07
190	9.18109e-07
191	9.20942e-07
192	9.2346e-07
193	9.25797e-07
194	9.28082e-07
195	9.30063e-07
196	9.32026e-07
197	9.33828e-07
198	9.35286e-07
199	9.36754e-07
200	9.37923e-07
201	9.39012e-07
202	9.4018e-07
203	9.41114e-07
204	9.41986e-07
205	9.42918e-07
206	9.43742e-07
207	9.44329e-07
208	9.44903e-07
209	9.45426e-07
210	9.45769e-07
211	9.46018e-07
212	9.46108e-07
213	9.45951e-07
214	9.45653e-07
215	9.45312e-07
216	9.44751e-07
217	9.43983e-07
218	9.43126e-07
219	9.4188e-07
220	9.40725e-07
221	9.39408e-07
222	9.37767e-07
223	9.35919e-07
224	9.34032e-07
225	9.31751e-07
226	9.29452e-07
227	9.26846e-07
228	9.24088e-07
229	9.21026e-07
230	9.17821e-07
231	9.14297e-07
232	9.10699e-07
233	9.06699e-07
234	9.02314e-07
235	8.97702e-07
236	8.9255e-07
237	8.87136e-07
238	8.81164e-07
239	8.74871e-07
240	8.67952e-07
241	8.60781e-07
242	8.53158e-07
243	8.44975e-07
244	8.36449e-07
245	8.27433e-07
246	8.17822e-07
247	8.07764e-07
248	7.97121e-07
249	7.85981e-07
250	7.74247e-07
251	7.61897e-07
252	7.49161e-07
253	7.35851e-07
254	7.22109e-07
255	7.08129e-07
256	6.93818e-07
257	6.79485e-07
258	6.6503e-07
259	6.50912e-07
260	6.36787e-07
261	6.23469e-07
262	6.10235e-07
263	5.98006e-07
264	5.85999e-07
265	5.75047e-07
266	5.6436e-07
267	5.54574e-07
268	5.45119e-07
269	5.36167e-07
270	5.27812e-07
271	5.19324e-07
272	5.11731e-07
273	5.03741e-07
274	4.96487e-07
275	4.88887e-07
276	4.81699e-07
277	4.74381e-07
278	4.66778e-07
279	4.59324e-07
280	4.51204e-07
281	4.4363e-07
282	4.35405e-07
283	4.27523e-07
284	4.19381e-07
285	4.1125e-07
286	4.03223e-07
287	3.94747e-07
288	3.86921e-07
289	3.78526e-07
290	3.70498e-07
291	3.6244e-07
292	3.54168e-07
293	3.46453e-07
294	3.38114e-07
295	3.30575e-07
296	3.22617e-07
297	3.14857e-07
298	3.07404e-07
299	2.99627e-07
300	2.92671e-07
301	2.8537e-07
302	9.78438e-07
303	9.55783e-07
304	9.33483e-07
305	9.10499e-07
306	8.89542e-07
307	8.67982e-07
308	8.46553e-07
309	8.2705e-07
310	8.06891e-07
311	7.88466e-07
312	7.70355e-07
313	7.51879e-07
314	7.35656e-07
315	7.18762e-07
316	7.02607e-07
317	6.87968e-07
318	6.7295e-07
319	6.58732e-07
320	6.45717e-07
321	6.32422e-07
322	6.20022e-07
323	6.08734e-07
324	5.97389e-07
325	5.86792e-07
326	5.77357e-07
327	5.67899e-07
328	5.58955e-07
329	5.51324e-07
330	5.43538e-07
331	5.36078e-07
332	5.29786e-07
333	5.23547e-07
334	5.17436e-07
335	5.12697e-07
336	5.08552e-07
337	5.04655e-07
338	5.018e-07
339	4.99394e-07
340	4.96963e-07
341	4.95014e-07
342	4.93605e-07
343	4.92133e-07
344	4.90784e-07
345	4.89698e-07
346	4.88581e-07
347	4.86804e-07
348	4.85684e-07
349	4.84248e-07
350	4.82463e-07
351	4.80877e-07
352	4.79173e-07
353	4.76851e-07
354	4.74822e-07
355	4.72653e-07
356	4.69968e-07
357	4.67517e-07
358	4.64889e-07
359	4.61999e-07
360	4.59048e-07
361	4.56192e-07
362	4.5301e-07
363	4.49713e-07
364	4.46781e-07
365	4.43351e-07
366	4.3989e-07
367	4.36856e-07
368	4.33232e-07
369	4.29858e-07
370	4.26604e-07
371	4.22987e-07
372	4.19545e-07
373	4.16177e-07
374	4.12411e-07
375	4.08731e-07
376	4.05033e-07
377	4.00818e-07
378	3.96694e-07
379	3.92324e-07
380	3.87276e-07
381	3.82549e-07
382	3.77392e-07
383	3.71693e-07
384	3.66391e-07
385	3.60629e-07
386	3.5442e-07
387	3.48634e-07
388	3.42464e-07
389	3.35973e-07
390	3.29927e-07
391	3.23461e-07
392	3.1696e-07
393	3.10711e-07
394	3.04113e-07
395	2.97655e-07
396	2.9147e-07
397	2.84935e-07
398	9.81823e-07
399	9.61945e-07
400	9.41342e-07
401	9.20938e-07
402	9.02275e-07
403	8.83355e-07
404	8.64912e-07
405	8.48376e-07
406	8.31468e-07
407	8.15513e-07
408	8.01379e-07
409	7.86903e-07
410	7.73644e-07
411	7.61951e-07
412	7.49893e-07
413	7.38858e-07
414	7.2894e-07
415	7.18687e-07
416	7.08738e-07
417	6.98653e-07
418	6.87768e-07
419	6.76751e-07
420	6.65598e-07
421	6.54136e-07
422	6.42521e-07
423	6.31094e-07
424	6.19558e-07
425	6.08205e-07
426	5.97055e-07
427	5.85899e-07
428	5.7489e-07
429	5.64405e-07
430	5.53851e-07
431	5.43544e-07
432	5.33654e-07
433	5.23876e-07
434	5.14317e-07
435	5.04996e-07
436	4.96001e-07
437	4.87134e-07
438	4.78424e-07
439	4.69988e-07
440	4.61758e-07
441	4.53791e-07
442	4.45744e-07
443	4.37946e-07
444	4.30397e-07
445	4.23116e-07
446	4.15705e-07
447	4.08609e-07
448	4.01703e-07
449	3.94865e-07
450	3.88164e-07
451	3.81655e-07
452	3.75172e-07
453	3.68755e-07
454	3.62698e-07
455	3.56467e-07
456	3.50412e-07
457	3.4472e-07
458	3.38826e-07
459	3.33044e-07
460	3.27545e-07
461	3.22131e-07
462	3.16615e-07
463	3.114e-07
464	3.06224e-07
465	3.00989e-07
466	2.95875e-07
467	2.90877e-07
468	2.85932e-07
469	2.81194e-07
470	2.76434e-07
471	9.89366e-07
472	9.74536e-07
473	9.59588e-07
474	9.44654e-07
475	9.30266e-07
476	9.158e-07
477	9.01316e-07
478	8.87251e-07
479	8.73397e-07
480	8.59643e-07
481	8.46347e-07
482	8.33464e-07
483	8.20128e-07
484	8.07678e-07
485	7.95293e-07
486	7.83097e-07
487	7.71682e-07
488	7.59477e-07
489	7.47791e-07
490	7.36883e-07
491	7.2574e-07
492	7.14486e-07
493	7.04295e-07
494	6.93703e-07
495	6.83272e-07
496	6.73801e-07
497	6.63626e-07
498	6.53734e-07
499	6.44886e-07
500	6.35353e-07
501	6.26015e-07
502	6.17905e-07
503	6.08685e-07
504	5.99849e-07
505	5.91854e-07
506	5.8386e-07
507	5.75799e-07
508	5.68412e-07
509	5.60495e-07
510	5.52387e-07
511	5.45101e-07
512	5.37561e-07
513	5.30115e-07
514	5.23911e-07
515	5.16667e-07
516	5.0961e-07
517	5.03688e-07
518	4.97395e-07
519	4.90685e-07
520	4.85191e-07
521	4.79084e-07
522	4.72935e-07
523	4.67859e-07
524	4.62102e-07
525	4.5614e-07
526	4.5096e-07
527	4.46117e-07
528	4.40419e-07
529	4.35056e-07
530	4.30139e-07
531	4.2531e-07
532	4.20507e-07
533	4.15246e-07
534	4.10379e-07
535	4.06224e-07
536	4.01527e-07
537	3.96783e-07
538	3.92278e-07
539	3.87807e-07
540	3.82949e-07
541	3.78389e-07
542	3.74006e-07
543	3.6961e-07
544	3.65664e-07
545	3.61131e-07
546	3.56669e-07
547	3.52826e-07
548	3.48846e-07
549	3.44428e-07
550	3.4042e-07
551	3.36767e-07
552	3.32748e-07
553	3.29004e-07
554	3.251e-07
555	3.21411e-07
556	3.17958e-07
557	3.14184e-07
558	3.10272e-07
559	3.06991e-07
560	3.03435e-07
561	2.99789e-07
562	2.96515e-07
563	2.92719e-07
564	2.89056e-07
565	2.86231e-07
566	2.82654e-07
567	2.7906e-07
568	2.76057e-07
569	2.72988e-07
570	9.88674e-07
571	9.83691e-07
572	9.77875e-07
573	9.69884e-07
574	9.62673e-07
575	9.53783e-07
576	9.4555e-07
577	9.40378e-07
578	9.30699e-07
579	9.21991e-07
580	9.15561e-07
581	9.07577e-07
582	8.97856e-07
583	8.90935e-07
584	8.83299e-07
585	8.73407e-07
586	8.64976e-07
587	8.55428e-07
588	8.46098e-07
589	8.39459e-07
590	8.29509e-07
591	8.19689e-07
592	8.12323e-07
593	8.02913e-07
594	7.93204e-07
595	7.85796e-07
596	7.7588e-07
597	7.65619e-07
598	7.58233e-07
599	7.48665e-07
600	7.3871e-07
601	7.30955e-07
602	7.22352e-07
603	7.12321e-07
604	7.05382e-07
605	6.95404e-07
606	6.84986e-07
607	6.77571e-07
608	6.68278e-07
609	6.57085e-07
610	6.50553e-07
611	6.41147e-07
612	6.29565e-07
613	6.19562e-07
614	6.09004e-07
615	5.97654e-07
616	5.88517e-07
617	5.78396e-07
618	5.67334e-07
619	5.58463e-07
620	5.493e-07
621	5.38744e-07
622	5.31011e-07
623	5.2149e-07
624	5.11501e-07
625	5.04474e-07
626	4.96434e-07
627	4.87734e-07
628	4.82104e-07
629	4.73924e-07
630	4.65032e-07
631	4.58666e-07
632	4.51511e-07
633	4.44124e-07
634	4.38918e-07
635	4.31779e-07
636	4.24513e-07
637	4.19526e-07
638	4.1343e-07
639	4.07011e-07
640	4.03144e-07
641	3.972e-07
642	3.90965e-07
643	3.86996e-07
644	3.81966e-07
645	3.7672e-07
646	3.73786e-07
647	3.68772e-07
648	3.63784e-07
649	3.60822e-07
650	3.56751e-07
651	3.52329e-07
652	3.50128e-07
653	3.45673e-07
654	3.40792e-07
655	3.38053e-07
656	3.34151e-07
657	3.29677e-07
658	3.27581e-07
659	3.2325e-07
660	3.18524e-07
661	3.15948e-07
662	3.12229e-07
663	3.08083e-07
664	3.06118e-07
665	3.01941e-07
666	2.97472e-07
667	2.94951e-07
668	2.91309e-07
669	2.87218e-07
670	2.8534e-07
671	2.81258e-07
672	2.76947e-07
673	2.74473e-07
674	2.70937e-07
675	2.67033e-07
676	2.65276e-07
677	9.85087e-07
678	9.87139e-07
679	9.9936e-07
680	2.66047e-07
681	9.79954e-07
682	9.96786e-07
683	9.95196e-07
684	9.89086e-07
685	9.94796e-07
686	9.9309e-07
687	9.85535e-07
688	9.94541e-07
689	9.86736e-07
690	9.74681e-07
691	9.7214e-07
692	9.66601e-07
693	9.54392e-07
694	9.5589e-07
695	9.4858e-07
696	9.32161e-07
697	9.26383e-07
698	9.17501e-07
699	9.04068e-07
700	9.03975e-07
701	8.93899e-07
702	8.75137e-07
703	8.68332e-07
704	8.5858e-07
705	8.42974e-07
706	8.42324e-07
707	8.3111e-07
708	8.11044e-07
709	8.03666e-07
710	7.934e-07
711	7.75977e-07
712	7.71779e-07
713	7.59696e-07
714	7.41402e-07
715	7.35547e-07
716	7.24308e-07
717	7.08107e-07
718	7.04952e-07
719	6.93519e-07
720	6.68621e-07
721	6.56269e-07
722	6.38044e-07
723	6.2569e-07
724	6.19911e-07
725	6.01099e-07
726	5.84012e-07
727	5.71962e-07
728	5.56481e-07
729	5.46695e-07
730	5.4059e-07
