1	1
2	0.501456
3	0.304874
4	0.167571
5	0.107582
6	0.0988757
7	0.0765931
8	0.0621703
9	0.0577494
10	0.0561035
11	0.0485116
12	0.0453728
13	0.0431636
14	0.040068
15	0.0372991
16	0.0352948
17	0.0331693
18	0.0314562
19	0.0301654
20	0.0288354
21	0.02789
22	0.0267893
23	0.0262248
24	0.0253488
25	0.0248517
26	0.0242838
27	0.0234223
28	0.022849
29	0.0224216
30	0.0223047
31	0.0219009
32	0.0211863
33	0.0204997
34	0.0204088
35	0.0205544
36	0.0202516
37	0.0195648
38	0.0191797
39	0.0193341
40	0.0192791
41	0.0188075
42	0.0181916
43	0.0182273
44	0.0182994
45	0.0178609
46	0.0173096
47	0.0172154
48	0.0172344
49	0.0167709
50	0.0163035
51	0.0161322
52	0.0160405
53	0.0156445
54	0.0152355
55	0.0150522
56	0.0148026
57	0.0144279
58	0.0141035
59	0.0139571
60	0.0136382
61	0.0132574
62	0.0130646
63	0.0129392
64	0.0126135
65	0.012241
66	0.0120965
67	0.0119732
68	0.0117101
69	0.0113697
70	0.0112097
71	0.0110628
72	0.0108725
73	0.0106204
74	0.0104463
75	0.0102727
76	0.0100836
77	0.00996344
78	0.00981746
79	0.00964735
80	0.00943395
81	0.00934209
82	0.00930149
83	0.00911494
84	0.00891515
85	0.00875616
86	0.00872538
87	0.00863311
88	0.00845159
89	0.00826056
90	0.00813606
91	0.00808877
92	0.00796554
93	0.00781832
94	0.00769105
95	0.00759349
96	0.00750198
97	0.00737749
98	0.00730147
99	0.00722653
100	0.00713902
101	0.00703279
102	0.00693604
103	0.00685887
104	0.00680053
105	0.00673041
106	0.00665946
107	0.00656436
108	0.00647926
109	0.00641761
110	0.00636762
111	0.00631041
112	0.00624612
113	0.00618314
114	0.00612813
115	0.00607692
116	0.00604067
117	0.00599977
118	0.005948
119	0.00590364
120	0.00585676
121	0.00581582
122	0.00577377
123	0.00574449
124	0.00570691
125	0.00566864
126	0.00563069
127	0.00559415
128	0.00555685
129	0.00552442
130	0.0054943
131	0.00545951
132	0.00543094
133	0.00539819
134	0.00536645
135	0.00532472
136	0.0052947
137	0.00525794
138	0.00522805
139	0.00519417
140	0.00516049
141	0.00512322
142	0.00509048
143	0.00505231
144	0.00502162
145	0.0049838
146	0.00495695
147	0.00491923
148	0.00488035
149	0.00484433
150	0.00480967
151	0.00477438
152	0.0047395
153	0.00470311
154	0.00466808
155	0.00463329
156	0.00459665
157	0.0045666
158	0.00452674
159	0.00449242
160	0.00445444
161	0.00441969
162	0.00438577
163	0.00434958
164	0.00431892
165	0.00428281
166	0.00425295
167	0.00422075
168	0.00419657
169	0.00416506
170	0.00413785
171	0.00411308
172	0.00408692
173	0.0040629
174	0.0040402
175	0.00401747
176	0.00399567
177	0.0039743
178	0.00395811
179	0.00393425
180	0.00391499
181	0.00389561
182	0.00387614
183	0.00385717
184	0.00383995
185	0.00382121
186	0.00380391
187	0.00378716
188	0.00376998
189	0.00375469
190	0.00373649
191	0.00372083
192	0.00370313
193	0.00368751
194	0.00367067
195	0.00365359
196	0.00363728
197	0.00361924
198	0.0036036
199	0.00358574
200	0.0035702
201	0.00355314
202	0.0035351
203	0.00351831
204	0.00349834
205	0.00348109
206	0.00346252
207	0.0034428
208	0.00342403
209	0.00340373
210	0.00338442
211	0.00336361
212	0.00334299
213	0.00332278
214	0.0033008
215	0.00327983
216	0.00325852
217	0.00323573
218	0.00321345
219	0.00318916
220	0.00316666
221	0.00314327
222	0.00311854
223	0.00309455
224	0.00306958
225	0.00304469
226	0.00301961
227	0.00299366
228	0.00296864
229	0.00294349
230	0.00291825
231	0.00289399
232	0.00286904
233	0.00284547
234	0.00282155
235	0.00279735
236	0.00277429
237	0.00274985
238	0.00272614
239	0.00270077
240	0.00267455
241	0.00264781
242	0.00261979
243	0.00259099
244	0.00256117
245	0.00253071
246	0.00249917
247	0.00246744
248	0.00243462
249	0.00240165
250	0.00236874
251	0.00233505
252	0.00230196
253	0.00226792
254	0.00223537
255	0.00220162
256	0.00216983
257	0.00213741
258	0.00210643
259	0.00207578
260	0.00204655
261	0.00201786
262	0.00199091
263	0.00196474
264	0.00194081
265	0.00191705
266	0.00189559
267	0.00187413
268	0.00185445
269	0.00183455
270	0.0018161
271	0.00179759
272	0.0017796
273	0.00176187
274	0.00174414
275	0.00172706
276	0.00170971
277	0.00169291
278	0.00167584
279	0.00165914
280	0.00164214
281	0.00162578
282	0.00160865
283	0.00159241
284	0.00157512
285	0.00155851
286	0.00154101
287	0.00152429
288	0.0015066
289	0.00148922
290	0.00147201
291	0.00145369
292	0.00143653
293	0.00141795
294	0.00140069
295	0.00138246
296	0.0013644
297	0.00134686
298	0.00132831
299	0.00131103
300	0.00129319
301	0.00127537
302	0.00125844
303	0.00124068
304	0.00122426
305	0.00120725
306	0.00119062
307	0.00117456
308	0.00115794
309	0.00114242
310	0.00112667
311	0.00111098
312	0.00109572
313	0.00108029
314	0.00106568
315	0.00105066
316	0.00103598
317	0.0010219
318	0.0010075
319	0.000993838
320	0.000979855
321	0.000966769
322	0.000953458
323	0.000940578
324	0.000927795
325	0.000915864
326	0.000903469
327	0.000891707
328	0.000880458
329	0.00086916
330	0.000857993
331	0.000848145
332	0.000837412
333	0.000827502
334	0.000818625
335	0.000808772
336	0.000799825
337	0.000791506
338	0.000782544
339	0.000774286
340	0.000766496
341	0.000758261
342	0.000750512
343	0.000743192
344	0.000735581
345	0.00072817
346	0.000721325
347	0.000714142
348	0.000707007
349	0.000700647
350	0.000693375
351	0.000687019
352	0.000680091
353	0.000673826
354	0.000667316
355	0.000660502
356	0.000654418
357	0.00064797
358	0.000641407
359	0.000635324
360	0.000629067
361	0.000622554
362	0.000616708
363	0.000610521
364	0.000604164
365	0.000598325
366	0.000592441
367	0.000586183
368	0.000580424
369	0.000574579
370	0.000568554
371	0.000562722
372	0.000557136
373	0.000551235
374	0.000545339
375	0.000539731
376	0.00053393
377	0.000527915
378	0.000522262
379	0.000516371
380	0.000510284
381	0.000504167
382	0.000498061
383	0.000491506
384	0.000484863
385	0.000478121
386	0.000471076
387	0.000463646
388	0.000456393
389	0.000448539
390	0.000440296
391	0.000432259
392	0.000423896
393	0.000415058
394	0.00040634
395	0.000397459
396	0.000388189
397	0.000378991
398	0.000369914
399	0.000360531
400	0.000351068
401	0.000341962
402	0.00033256
403	0.000323084
404	0.000314142
405	0.00030491
406	0.000295719
407	0.000286906
408	0.000278193
409	0.000269449
410	0.000261034
411	0.000253061
412	0.000245158
413	0.000237439
414	0.000230349
415	0.000223581
416	0.000217122
417	0.000211105
418	0.000205803
419	0.000200664
420	0.000196008
421	0.000191931
422	0.00018823
423	0.00018456
424	0.000181497
425	0.000178734
426	0.000175932
427	0.000173048
428	0.00017046
429	0.000167801
430	0.000165747
431	0.000163767
432	0.000161598
433	0.000159545
434	0.000157341
435	0.00015525
436	0.000153066
437	0.000150944
438	0.000148849
439	0.000146787
440	0.000144823
441	0.00014283
442	0.000140977
443	0.000139092
444	0.000137287
445	0.000135547
446	0.000133826
447	0.000132119
448	0.000130525
449	0.000128949
450	0.00012734
451	0.00012575
452	0.000124129
453	0.000122594
454	0.000120967
455	0.000119401
456	0.000117862
457	0.00011627
458	0.000114709
459	0.000113125
460	0.000111547
461	0.00010991
462	0.000108356
463	0.000106728
464	0.000105196
465	0.000103579
466	0.00010191
467	0.00010029
468	9.86758e-05
469	9.70164e-05
470	9.54492e-05
471	9.38382e-05
472	9.22278e-05
473	9.06626e-05
474	8.90979e-05
475	8.74962e-05
476	8.59904e-05
477	8.44162e-05
478	8.28251e-05
479	8.12901e-05
480	7.97366e-05
481	7.82437e-05
482	7.67193e-05
483	7.52366e-05
484	7.37071e-05
485	7.23182e-05
486	7.09189e-05
487	6.94852e-05
488	6.81066e-05
489	6.67508e-05
490	6.54277e-05
491	6.40361e-05
492	6.28231e-05
493	6.14582e-05
494	6.02573e-05
495	5.91183e-05
496	5.78294e-05
497	5.66937e-05
498	5.5619e-05
499	5.44124e-05
500	5.33951e-05
501	5.23619e-05
502	5.13536e-05
503	5.03492e-05
504	4.93916e-05
505	4.84246e-05
506	4.74563e-05
507	4.66088e-05
508	4.57766e-05
509	4.48745e-05
510	4.41621e-05
511	4.32308e-05
512	4.24974e-05
513	4.17962e-05
514	4.10359e-05
515	4.03871e-05
516	3.97182e-05
517	3.90734e-05
518	3.84106e-05
519	3.77995e-05
520	3.71888e-05
521	3.66852e-05
522	3.61412e-05
523	3.55402e-05
524	3.50726e-05
525	3.45568e-05
526	3.40984e-05
527	3.35861e-05
528	3.31449e-05
529	3.26574e-05
530	3.22522e-05
531	3.18324e-05
532	3.14943e-05
533	3.10223e-05
534	3.06767e-05
535	3.02417e-05
536	2.99315e-05
537	2.96493e-05
538	2.92495e-05
539	2.89009e-05
540	2.85521e-05
541	2.81707e-05
542	2.78479e-05
543	2.75119e-05
544	2.72794e-05
545	2.68909e-05
546	2.66122e-05
547	2.63423e-05
548	2.60274e-05
549	2.57463e-05
550	2.54656e-05
551	2.51115e-05
552	2.48531e-05
553	2.45322e-05
554	2.43192e-05
555	2.41421e-05
556	2.37304e-05
557	2.35262e-05
558	2.32833e-05
559	2.30002e-05
560	2.27178e-05
561	2.25091e-05
562	2.21961e-05
563	2.19332e-05
564	2.16649e-05
565	2.14457e-05
566	2.11689e-05
567	2.09709e-05
568	2.06302e-05
569	2.04533e-05
570	2.02419e-05
571	2.0072e-05
572	1.98427e-05
573	1.96974e-05
574	1.94959e-05
575	1.92485e-05
576	1.90768e-05
577	1.89338e-05
578	1.86526e-05
579	1.85523e-05
580	1.82556e-05
581	1.81367e-05
582	1.79457e-05
583	1.77902e-05
584	1.7567e-05
585	1.7428e-05
586	1.72385e-05
587	1.70362e-05
588	1.68527e-05
589	1.66888e-05
590	1.64492e-05
591	1.63541e-05
592	1.61161e-05
593	1.59427e-05
594	1.58466e-05
595	1.55859e-05
596	1.54096e-05
597	1.53105e-05
598	1.50998e-05
599	1.48926e-05
600	1.47908e-05
601	1.4525e-05
602	1.43992e-05
603	1.42887e-05
604	1.40779e-05
605	1.39048e-05
606	1.37904e-05
607	1.35307e-05
608	1.33867e-05
609	1.32434e-05
610	1.30779e-05
611	1.2892e-05
612	1.27687e-05
613	1.25358e-05
614	1.23688e-05
615	1.22308e-05
616	1.20387e-05
617	1.18487e-05
618	1.17309e-05
619	1.15134e-05
620	1.13666e-05
621	1.12347e-05
622	1.10603e-05
623	1.08753e-05
624	1.07699e-05
625	1.05318e-05
626	1.04208e-05
627	1.03085e-05
628	1.01649e-05
629	1.00046e-05
630	9.90908e-06
631	9.72318e-06
632	9.5961e-06
633	9.49698e-06
634	9.35456e-06
635	9.2018e-06
636	9.12511e-06
637	8.95778e-06
638	8.85054e-06
639	8.77098e-06
640	8.65266e-06
641	8.52283e-06
642	8.46855e-06
643	8.32364e-06
644	8.24162e-06
645	8.18405e-06
646	8.0855e-06
647	7.97411e-06
648	7.93646e-06
649	7.80561e-06
650	7.73628e-06
651	7.68962e-06
652	7.60025e-06
653	7.4977e-06
654	7.46763e-06
655	7.34478e-06
656	7.28261e-06
657	7.24193e-06
658	7.15924e-06
659	7.06385e-06
660	7.03978e-06
661	6.92299e-06
662	6.86695e-06
663	6.83274e-06
664	6.75555e-06
665	6.66533e-06
666	6.64571e-06
667	6.53272e-06
668	6.48001e-06
669	6.4488e-06
670	6.37431e-06
671	6.287e-06
672	6.27116e-06
673	6.16003e-06
674	6.10907e-06
675	6.08113e-06
676	6.00822e-06
677	5.94724e-06
678	5.98107e-06
679	5.91271e-06
680	5.87802e-06
681	5.86034e-06
682	5.82127e-06
683	5.76811e-06
684	5.78269e-06
685	5.69548e-06
686	5.66776e-06
687	5.65943e-06
688	5.60183e-06
689	5.53099e-06
690	5.52799e-06
691	5.41596e-06
692	5.3751e-06
693	5.35501e-06
694	5.27405e-06
695	5.19918e-06
696	5.18587e-06
697	5.06595e-06
698	5.01852e-06
699	4.99231e-06
700	4.90715e-06
701	4.82519e-06
702	4.80581e-06
703	4.68278e-06
704	4.63234e-06
705	4.60153e-06
706	4.51633e-06
707	4.43304e-06
708	4.41139e-06
709	4.28913e-06
710	4.23885e-06
711	4.20059e-06
712	4.11478e-06
713	4.03036e-06
714	4.01442e-06
715	3.89544e-06
716	3.84788e-06
717	3.81473e-06
718	3.73571e-06
719	3.65745e-06
720	3.62767e-06
721	3.50795e-06
722	3.45134e-06
723	3.43177e-06
724	3.36099e-06
725	3.31302e-06
726	3.26479e-06
727	3.20033e-06
728	3.10454e-06
729	3.10684e-06
730	2.97671e-06
