502	0.522722
504	0.522133
509	0.524519
510	0.525552
511	0.526606
514	0.52853
516	0.528701
522	0.529813
524	0.531151
526	0.532133
528	0.532269
535	0.533842
539	0.536159
545	0.537818
547	0.539312
550	0.540294
551	0.540287
559	0.539668
569	0.535999
578	0.533541
588	0.529511
598	0.525738
608	0.521789
616	0.518853
625	0.515876
633	0.513859
636	0.512849
643	0.512596
645	0.512299
651	0.512292
655	0.513791
664	0.513785
674	0.5115
683	0.510332
685	0.510046
690	0.51015
694	0.511472
696	0.511337
706	0.509783
715	0.508186
722	0.507464
733	0.507063
744	0.506523
754	0.505185
762	0.50413
771	0.502895
780	0.502138
783	0.501747
790	0.502101
797	0.503476
801	0.506159
811	0.50616
820	0.505506
830	0.504857
840	0.503971
848	0.505052
855	0.507745
857	0.509917
861	0.512624
867	0.514264
870	0.515645
872	0.515874
874	0.515598
882	0.514205
890	0.513817
892	0.513622
897	0.515994
898	0.517085
899	0.51823
902	0.520477
905	0.520753
912	0.521479
914	0.521377
920	0.523629
922	0.525696
926	0.527998
927	0.528051
935	0.527272
942	0.529663
944	0.531673
947	0.533311
957	0.532622
964	0.533096
966	0.53542
970	0.538044
978	0.537228
985	0.537664
987	0.539674
991	0.541447
