1	1
2	0.739002
3	0.57675
4	0.649726
5	0.168961
6	0.552474
7	0.212706
8	0.347584
9	0.274082
10	0.117578
11	0.200064
12	0.0674826
13	0.127399
14	0.0742181
15	0.0623949
16	0.0772831
17	0.047806
18	0.0526212
19	0.0492376
20	0.0492174
21	0.043551
22	0.0439682
23	0.0456183
24	0.042727
25	0.0414437
26	0.0426624
27	0.0423939
28	0.0402457
29	0.0399932
30	0.0403493
31	0.0398667
32	0.0383852
33	0.0381111
34	0.0382394
35	0.0371561
36	0.0365247
37	0.0365526
38	0.0361355
39	0.0350714
40	0.03503
41	0.034972
42	0.0341539
43	0.0337215
44	0.0338005
45	0.0334151
46	0.0326585
47	0.0326297
48	0.0326049
49	0.032081
50	0.0317417
51	0.0317635
52	0.0316624
53	0.0313212
54	0.0312639
55	0.0312703
56	0.0310469
57	0.0309805
58	0.0310443
59	0.0309513
60	0.030765
61	0.0305684
62	0.0304356
63	0.030333
64	0.0300878
65	0.0298091
66	0.029261
67	0.0288813
68	0.028832
69	0.0279782
70	0.0276006
71	0.0265582
72	0.0264682
73	0.0260124
74	0.0246149
75	0.0241825
76	0.0227208
77	0.0233705
78	0.0220305
79	0.021023
80	0.0200965
81	0.0192427
82	0.0194059
83	0.0176817
84	0.0171646
85	0.0159991
86	0.0159336
87	0.0154805
88	0.0139007
89	0.0134264
90	0.0123882
91	0.0125359
92	0.0121274
93	0.0108148
94	0.0102752
95	0.0095363
96	0.00956162
97	0.00945706
98	0.00845823
99	0.00795091
100	0.00740877
101	0.00711274
102	0.00731782
103	0.0066704
104	0.00622837
105	0.00577936
106	0.00541239
107	0.00552771
108	0.00529481
109	0.00503082
110	0.0047982
111	0.00450171
112	0.00441967
113	0.00434859
114	0.00427012
115	0.00417127
116	0.00405316
117	0.00393264
118	0.00382297
119	0.00376831
120	0.00373513
121	0.00365493
122	0.00360612
123	0.00356718
124	0.00348942
125	0.00342957
126	0.00338315
127	0.00333956
128	0.00329408
129	0.00325812
130	0.0032266
131	0.00317884
132	0.00312664
133	0.00309817
134	0.00305822
135	0.00301655
136	0.00298269
137	0.00295641
138	0.00292773
139	0.00289753
140	0.00286661
141	0.00282653
142	0.00279197
143	0.00276227
144	0.00274062
145	0.00272693
146	0.00271083
147	0.00268775
148	0.00266448
149	0.00263709
150	0.00260982
151	0.0025917
152	0.0025743
153	0.00255908
154	0.00254046
155	0.00252643
156	0.00250856
157	0.00249872
158	0.00248168
159	0.00246501
160	0.00245172
161	0.00243675
162	0.00242391
163	0.0024135
164	0.00240164
165	0.00239048
166	0.00238027
167	0.00237138
168	0.00236815
169	0.00236145
170	0.00235075
171	0.00234329
172	0.00233468
173	0.0023282
174	0.00232443
175	0.00232023
176	0.00231569
177	0.00231262
178	0.00231643
179	0.00231232
180	0.00230421
181	0.00229985
182	0.00229525
183	0.00229135
184	0.00228954
185	0.00228628
186	0.00228196
187	0.00228003
188	0.00227675
189	0.00227188
190	0.00226821
191	0.00226507
192	0.00225973
193	0.00225523
194	0.00225213
195	0.00224705
196	0.00224211
197	0.00223688
198	0.0022316
199	0.00222648
200	0.00222014
201	0.0022127
202	0.00220556
203	0.00219878
204	0.00219105
205	0.00218206
206	0.00217385
207	0.00216562
208	0.00215628
209	0.00214606
210	0.00213684
211	0.00212661
212	0.00211518
213	0.00210457
214	0.00209368
215	0.00208095
216	0.00206828
217	0.00205582
218	0.00204249
219	0.00202902
220	0.00201475
221	0.00199988
222	0.00198506
223	0.00196983
224	0.00195354
225	0.00193709
226	0.0019203
227	0.00190201
228	0.00188311
229	0.0018636
230	0.00184305
231	0.00182166
232	0.00179897
233	0.00177558
234	0.0017517
235	0.00172572
236	0.00169905
237	0.0016722
238	0.00164446
239	0.00161535
240	0.00158624
241	0.00155667
242	0.00152653
243	0.00149728
244	0.00146776
245	0.00143838
246	0.0014106
247	0.00138347
248	0.00135675
249	0.00133188
250	0.00130842
251	0.00128516
252	0.00126361
253	0.00124392
254	0.00122501
255	0.00120696
256	0.00119043
257	0.00117297
258	0.00115453
259	0.00113638
260	0.00111629
261	0.00109479
262	0.00107283
263	0.00104974
264	0.00102541
265	0.00100208
266	0.000978647
267	0.000955425
268	0.00093403
269	0.000913264
270	0.00089333
271	0.000875685
272	0.000859031
273	0.000843087
274	0.000828927
275	0.000815631
276	0.000802581
277	0.000790404
278	0.000778795
279	0.000766799
280	0.000755588
281	0.000744694
282	0.000733196
283	0.000722049
284	0.000711337
285	0.000700183
286	0.000689803
287	0.00067941
288	0.000668947
289	0.000658708
290	0.000649305
291	0.00063902
292	0.000629381
293	0.000620271
294	0.000610697
295	0.000601511
296	0.000592987
297	0.000583987
298	0.000575247
299	0.000567194
300	0.000558816
301	0.000550618
302	0.000543186
303	0.000535428
304	0.000527564
305	0.000520629
306	0.000513059
307	0.000505883
308	0.000499498
309	0.000492699
310	0.000485829
311	0.00047981
312	0.000473342
313	0.000466624
314	0.000461104
315	0.000454917
316	0.000448318
317	0.000442878
318	0.000436543
319	0.000430085
320	0.000424744
321	0.000418352
322	0.000411821
323	0.000406476
324	0.000400131
325	0.000393422
326	0.000387694
327	0.00038165
328	0.000374823
329	0.000368784
330	0.000363032
331	0.000356446
332	0.000350374
333	0.000344708
334	0.000338546
335	0.000332538
336	0.000327234
337	0.000321259
338	0.000315913
339	0.000310895
340	0.000305281
341	0.000300355
342	0.000295881
343	0.000291095
344	0.000286375
345	0.000282504
346	0.000278227
347	0.00027426
348	0.000271271
349	0.000267633
350	0.000264214
351	0.00026152
352	0.000259043
353	0.000256349
354	0.000253951
355	0.000252312
356	0.000250415
357	0.000248492
358	0.000247421
359	0.000245974
360	0.000244629
361	0.000243854
362	0.000242813
363	0.000241684
364	0.000241284
365	0.000240039
366	0.00023906
367	0.000238571
368	0.000237308
369	0.000236165
370	0.000235279
371	0.000233998
372	0.000232547
373	0.000231373
374	0.000229855
375	0.000227904
376	0.000226504
377	0.000224659
378	0.000222166
379	0.00022077
380	0.000218453
381	0.00021548
382	0.000213624
383	0.000210628
384	0.000207676
385	0.0002056
386	0.000202413
387	0.000198864
388	0.000196257
389	0.000193255
390	0.000189254
391	0.000186356
392	0.000182442
393	0.000179149
394	0.000175969
395	0.000171795
396	0.000167843
397	0.000164887
398	0.000160985
399	0.000156834
400	0.00015381
401	0.000150021
402	0.000145541
403	0.000142589
404	0.000138644
405	0.00013458
406	0.000131736
407	0.000127896
408	0.000123981
409	0.000121281
410	0.000117665
411	0.00011392
412	0.000111285
413	0.000107993
414	0.0001045
415	0.000102121
416	9.89393e-05
417	9.56258e-05
418	9.36859e-05
419	9.06938e-05
420	8.77663e-05
421	8.61908e-05
422	8.38133e-05
423	8.05207e-05
424	7.89594e-05
425	7.65345e-05
426	7.41359e-05
427	7.30468e-05
428	7.11968e-05
429	6.86202e-05
430	6.76069e-05
431	6.5981e-05
432	6.3823e-05
433	6.26587e-05
434	6.15488e-05
435	5.9835e-05
436	5.83844e-05
437	5.72758e-05
438	5.59791e-05
439	5.49329e-05
440	5.37127e-05
441	5.2302e-05
442	5.16547e-05
443	5.0654e-05
444	4.91731e-05
445	4.86668e-05
446	4.80332e-05
447	4.69286e-05
448	4.61571e-05
449	4.55477e-05
450	4.464e-05
451	4.36566e-05
452	4.32468e-05
453	4.24197e-05
454	4.14631e-05
455	4.11288e-05
456	4.04157e-05
457	3.95961e-05
458	3.95523e-05
459	3.86968e-05
460	3.79031e-05
461	3.76964e-05
462	3.72879e-05
463	3.61694e-05
464	3.62895e-05
465	3.56369e-05
466	3.47375e-05
467	3.46079e-05
468	3.417e-05
469	3.32538e-05
470	3.32422e-05
471	3.2906e-05
472	3.19775e-05
473	3.20308e-05
474	3.16038e-05
475	3.07139e-05
476	3.0847e-05
477	3.05014e-05
478	2.96166e-05
479	2.97057e-05
480	2.93355e-05
481	2.84755e-05
482	2.86886e-05
483	2.84038e-05
484	2.75451e-05
485	2.79255e-05
486	2.71328e-05
487	2.66383e-05
488	2.68912e-05
489	2.64058e-05
490	2.57756e-05
491	2.60418e-05
492	2.56841e-05
493	2.47201e-05
494	2.53931e-05
495	2.45245e-05
496	2.3908e-05
497	2.44828e-05
498	2.3817e-05
499	2.30048e-05
500	2.36801e-05
501	2.29746e-05
502	2.24119e-05
503	2.29029e-05
504	2.28902e-05
505	2.16735e-05
506	2.21366e-05
507	2.15863e-05
508	2.07592e-05
509	2.15222e-05
510	2.13959e-05
511	2.02294e-05
512	2.07802e-05
513	2.00594e-05
514	1.94194e-05
515	2.02584e-05
516	2.00157e-05
517	1.92473e-05
518	1.95123e-05
519	1.92068e-05
520	1.81625e-05
521	1.90966e-05
522	1.86603e-05
523	1.79162e-05
524	1.83073e-05
525	1.83339e-05
526	1.7474e-05
527	1.75287e-05
528	1.73431e-05
529	1.71927e-05
530	1.71616e-05
531	1.63194e-05
532	1.63917e-05
533	1.66959e-05
534	1.6411e-05
535	1.55567e-05
536	1.60576e-05
537	1.61477e-05
538	1.53821e-05
539	1.54877e-05
540	1.51954e-05
541	1.51e-05
542	1.50893e-05
543	1.44005e-05
544	1.45515e-05
545	1.47813e-05
546	1.46946e-05
547	1.38157e-05
548	1.42612e-05
549	1.4247e-05
550	1.37165e-05
551	1.37759e-05
552	1.34259e-05
553	1.30293e-05
554	1.38474e-05
555	1.32405e-05
556	1.2631e-05
557	1.33114e-05
558	1.31811e-05
559	1.24669e-05
560	1.27724e-05
561	1.22306e-05
562	1.21292e-05
563	1.26002e-05
564	1.2099e-05
565	1.17205e-05
566	1.23137e-05
567	1.2537e-05
568	1.11203e-05
569	1.18389e-05
570	1.16284e-05
571	1.10445e-05
572	1.13044e-05
573	1.09319e-05
574	1.07155e-05
575	1.11992e-05
576	1.07097e-05
577	1.00359e-05
578	1.09474e-05
579	1.09072e-05
580	9.79459e-06
581	1.02801e-05
582	1.03174e-05
583	9.7605e-06
584	1.00141e-05
585	9.70329e-06
586	9.40823e-06
587	9.85792e-06
588	9.34473e-06
589	8.80366e-06
590	9.60952e-06
591	9.71153e-06
592	8.4942e-06
593	9.43422e-06
594	9.10074e-06
595	8.13073e-06
596	9.19533e-06
597	8.84307e-06
598	7.926e-06
599	8.81841e-06
600	8.6333e-06
601	7.65618e-06
602	8.77334e-06
603	8.08525e-06
604	7.42795e-06
605	8.29872e-06
606	8.10799e-06
607	7.10193e-06
608	8.113e-06
609	7.76907e-06
610	7.1531e-06
611	7.88347e-06
612	7.94766e-06
613	6.60772e-06
614	7.55828e-06
615	7.18639e-06
616	6.44761e-06
617	7.32336e-06
618	7.29236e-06
619	6.15836e-06
620	7.0826e-06
621	6.77461e-06
622	5.98208e-06
623	6.90985e-06
624	6.69777e-06
625	5.69943e-06
626	6.77543e-06
627	6.11521e-06
628	5.75972e-06
629	6.48144e-06
630	6.4519e-06
631	5.37811e-06
632	6.25161e-06
633	5.82028e-06
634	5.22437e-06
635	6.03893e-06
636	5.99173e-06
637	4.98309e-06
638	5.84879e-06
639	5.50117e-06
640	4.87612e-06
641	5.69824e-06
642	5.65319e-06
643	4.61308e-06
644	5.4958e-06
645	5.14789e-06
646	4.5051e-06
647	5.32996e-06
648	5.30962e-06
649	4.26169e-06
650	5.14724e-06
651	4.81533e-06
652	4.17717e-06
653	5.00668e-06
654	4.99218e-06
655	3.94061e-06
656	4.84513e-06
657	4.51266e-06
658	3.88467e-06
659	4.72023e-06
660	4.70648e-06
661	3.65732e-06
662	4.57768e-06
663	4.24667e-06
664	3.62585e-06
665	4.45617e-06
666	4.4608e-06
667	3.40961e-06
668	4.3408e-06
669	4.01882e-06
670	3.39813e-06
671	4.23717e-06
672	4.25244e-06
673	3.19486e-06
674	4.13623e-06
675	3.82598e-06
676	3.20178e-06
677	4.04586e-06
678	4.06728e-06
679	3.00211e-06
680	3.94262e-06
681	3.64855e-06
682	3.0173e-06
683	3.86106e-06
684	3.89812e-06
685	2.83036e-06
686	3.77674e-06
687	3.48679e-06
688	2.84803e-06
689	3.69656e-06
690	3.74279e-06
691	2.67688e-06
692	3.66667e-06
693	3.35399e-06
694	2.67948e-06
695	3.72621e-06
696	3.62293e-06
697	2.5346e-06
698	3.52956e-06
699	3.18869e-06
700	2.55238e-06
701	3.55591e-06
702	3.50982e-06
703	2.41566e-06
704	3.40788e-06
705	3.07813e-06
706	2.43384e-06
707	3.44244e-06
708	3.3907e-06
709	2.29695e-06
710	3.28598e-06
711	2.95845e-06
712	2.28352e-06
713	3.23065e-06
714	3.17743e-06
715	2.15903e-06
716	3.13643e-06
717	2.86614e-06
718	2.17682e-06
719	3.14848e-06
720	3.07796e-06
721	2.1976e-06
722	2.9431e-06
723	2.4402e-06
724	2.13632e-06
725	2.82151e-06
726	2.75595e-06
727	2.31459e-06
728	2.61204e-06
729	2.604e-06
730	1.99778e-06
