/*--------------------------------*- C++ -*----------------------------------*\
| =========                 |                                                 |
| \\      /  F ield         | OpenFOAM: The Open Source CFD Toolbox           |
|  \\    /   O peration     | Version:  5.x                                   |
|   \\  /    A nd           | Web:      www.OpenFOAM.org                      |
|    \\/     M anipulation  |                                                 |
\*---------------------------------------------------------------------------*/
FoamFile
{
    version     2.0;
    format      ascii;
    class       volScalarField;
    location    "100";
    object      p;
}
// * * * * * * * * * * * * * * * * * * * * * * * * * * * * * * * * * * * * * //

dimensions      [0 2 -2 0 0 0 0];

internalField   nonuniform List<scalar> 
11040
(
-0.399658
-385.794
-515.77
-487.768
-432.034
-386.928
-354.116
-325.883
-285.745
-243.643
-206.001
-172.76
-142.699
-115.321
-90.7939
-69.2332
-48.6967
-25.401
-1.48445
21.7333
44.3549
65.7033
85.285
103.632
121.208
138.102
152.976
165.994
178.058
189.469
200.297
210.649
220.649
230.421
240.05
249.62
259.132
268.96
278.525
290.057
297.087
147.215
-123.141
-293.746
-359.906
-369.128
-355.363
-335.459
-313.401
-279.99
-241.917
-205.803
-173.098
-143.257
-115.918
-91.2433
-69.3511
-48.6245
-25.6245
-1.92136
21.2162
43.8036
65.1238
84.703
103.051
120.589
137.415
152.328
165.432
177.558
189.017
199.885
210.273
220.301
230.098
239.747
249.333
258.856
268.703
278.235
289.993
296.431
218.333
0.769017
-186.072
-290.561
-325.187
-324.627
-311.766
-294.986
-268.816
-235.661
-201.896
-170.456
-141.465
-114.66
-90.1942
-68.2352
-47.5681
-25.0834
-1.70037
21.2914
43.7734
65.0171
84.545
102.846
120.293
137.009
151.951
165.126
177.286
188.765
199.654
210.059
220.102
229.909
239.564
249.154
258.673
268.519
278.013
289.872
296.189
257.536
96.5803
-68.5394
-189.645
-252.666
-274.988
-276.533
-268.785
-251.231
-224.795
-195.005
-165.808
-138.233
-112.34
-88.344
-66.4822
-45.9363
-24.025
-1.08537
21.6585
43.9612
65.0651
84.4911
102.705
120.026
136.596
151.535
164.768
176.957
188.455
199.363
209.783
219.837
229.649
239.305
248.889
258.391
268.211
277.65
289.435
295.626
278.829
161.976
30.1603
-88.1
-169.999
-214.403
-232.394
-235.454
-227.208
-208.766
-184.411
-158.489
-133
-108.498
-85.3272
-63.8096
-43.5076
-22.2748
0.0337344
22.3814
44.404
65.2895
84.552
102.628
119.781
136.156
151.053
164.335
176.553
188.065
198.986
209.416
219.473
229.281
238.922
248.48
257.941
267.687
277.026
288.518
294.412
289.434
204.011
103.771
1.33741
-84.5092
-143.56
-177.242
-192.906
-195.32
-186.205
-168.876
-147.575
-125.088
-102.608
-80.7429
-59.9388
-40.0955
-19.657
1.83417
23.6125
45.229
65.7989
84.8174
102.687
119.616
135.743
150.545
163.851
176.087
187.599
198.52
208.946
218.991
228.775
238.381
247.881
257.26
266.866
276.036
286.991
292.544
293.399
229.672
155.05
73.3162
-4.76101
-68.6374
-113.535
-141.181
-154.758
-155.89
-147.06
-131.923
-113.627
-94.0122
-74.086
-54.4912
-35.4306
-15.9466
4.52674
25.5221
46.5667
66.6943
85.3651
102.943
119.581
135.4
150.042
163.325
175.556
187.046
197.944
208.344
218.352
228.086
237.621
247.019
256.26
265.637
274.54
284.736
289.969
293.421
244.817
189.183
126.68
61.9394
1.98026
-47.0529
-82.9438
-106.226
-117.381
-117.833
-110.228
-97.4832
-81.8172
-64.6572
-46.9223
-29.116
-10.8378
8.39385
28.3542
48.6064
68.1224
86.3105
103.484
119.748
135.193
149.593
162.787
174.969
186.405
197.245
207.584
217.52
227.16
236.575
245.809
254.837
263.879
272.401
281.671
286.625
291.158
253.295
211.229
164.083
113.252
62.2148
15.608
-23.1427
-52.6338
-71.9119
-81.1251
-81.6344
-75.55
-64.9769
-51.5727
-36.5235
-20.6169
-3.93295
13.779
32.4134
51.6035
70.2962
87.832
104.458
120.236
135.223
149.284
162.294
174.361
185.69
196.423
206.652
216.462
225.952
235.18
244.173
252.896
261.492
269.517
277.778
282.5
287.662
257.612
225.215
189.508
150.577
109.693
69.4649
32.7153
1.39819
-22.6707
-38.5901
-46.4832
-47.3465
-42.6664
-33.9515
-22.4826
-9.24846
5.29402
21.1042
38.0662
55.8706
73.4774
90.1534
106.058
121.209
135.629
149.238
161.944
173.8
184.944
195.5
205.549
215.165
224.431
233.391
242.054
250.374
258.427
265.865
273.127
277.639
283.616
259.386
233.976
206.585
176.899
145.148
112.496
80.682
51.2647
26.0758
6.50337
-6.73756
-13.6374
-14.8241
-11.2917
-4.12248
5.68074
17.4447
30.8742
45.7557
61.7895
77.9832
93.542
108.515
122.867
136.586
149.61
161.873
173.39
184.244
194.527
204.307
213.641
222.593
231.196
239.436
247.264
254.707
261.507
267.863
272.146
279.461
259.67
239.415
218.074
195.276
170.866
145.239
119.27
93.8971
70.4753
50.305
34.4099
23.407
17.4029
16.0532
18.7139
24.6005
33.0318
43.5853
55.9472
69.7931
84.1993
98.332
112.117
125.458
138.302
150.586
162.247
173.272
183.702
193.592
202.991
211.937
220.477
228.627
236.36
243.626
250.426
256.583
262.167
266.194
275.477
259.148
242.783
225.906
208.187
189.378
169.535
149.03
128.314
108.218
89.6701
73.5924
60.7803
51.7409
46.6361
45.3041
47.3244
52.1982
59.538
69.0106
80.2801
92.5213
104.894
117.203
129.285
141.044
152.397
163.271
173.63
183.476
192.83
201.717
210.157
218.177
225.781
232.934
239.592
245.75
251.293
256.238
260.003
271.829
258.256
244.895
231.375
217.429
202.815
187.468
171.513
155.124
138.744
122.936
108.346
95.6622
85.4796
78.2048
74.0137
72.8339
74.4316
78.5763
85.0174
93.4677
103.246
113.555
124.104
134.669
145.111
155.32
165.204
174.7
183.78
192.436
200.667
208.473
215.867
222.84
229.357
235.381
240.912
245.884
250.297
253.811
268.602
257.264
246.271
235.328
224.226
212.758
200.828
188.454
175.682
162.722
149.88
137.549
126.209
116.356
108.428
102.739
99.4346
98.5083
99.9112
103.533
109.192
116.398
124.459
133.035
141.863
150.772
159.629
168.319
176.756
184.885
192.674
200.099
207.145
213.809
220.077
225.915
231.294
236.221
240.661
244.611
247.876
265.854
256.356
247.259
238.329
229.403
220.315
210.968
201.343
191.432
181.328
171.184
161.22
151.732
143.064
135.571
129.564
125.266
122.794
122.228
123.586
126.807
131.601
137.434
143.969
150.946
158.18
165.525
172.854
180.062
187.076
193.845
200.33
206.502
212.347
217.846
222.969
227.692
232.026
235.957
239.479
242.481
263.632
255.669
248.117
240.789
233.561
226.298
218.916
211.384
203.677
195.833
187.928
180.076
172.451
165.27
158.778
153.22
148.806
145.686
143.995
143.824
145.198
148
151.858
156.491
161.67
167.221
173.003
178.89
184.773
190.569
196.215
201.666
206.881
211.843
216.527
220.907
224.963
228.707
232.131
235.23
237.939
261.94
255.199
248.851
242.748
236.796
230.883
224.937
218.927
212.827
206.654
200.443
194.257
188.199
182.405
177.032
172.256
168.236
165.108
163.005
162.037
162.271
163.692
166.068
169.184
172.858
176.946
181.326
185.883
190.515
195.142
199.701
204.142
208.425
212.526
216.421
220.085
223.502
226.68
229.615
232.298
234.692
260.681
254.889
249.463
244.288
239.289
234.371
229.473
224.567
219.629
214.664
209.692
204.749
199.897
195.223
190.832
186.843
183.374
180.529
178.418
177.144
176.781
177.362
178.748
180.784
183.335
186.286
189.54
193
196.579
200.204
203.817
207.372
210.831
214.168
217.361
220.387
223.231
225.899
228.385
230.682
232.762
259.747
254.711
250.011
245.558
241.291
237.13
233.019
228.935
224.857
220.786
216.731
212.716
208.782
204.984
201.395
198.097
195.172
192.699
190.762
189.446
188.816
188.924
189.685
190.989
192.739
194.849
197.242
199.841
202.575
205.382
208.213
211.026
213.787
216.473
219.064
221.538
223.883
226.1
228.185
230.129
231.912
259.05
254.629
250.516
246.641
242.954
239.384
235.885
232.434
229.014
225.623
222.267
218.96
215.73
212.617
209.67
206.945
204.503
202.4
200.699
199.464
198.75
198.61
198.989
199.81
201.004
202.506
204.258
206.2
208.276
210.435
212.636
214.844
217.031
219.176
221.261
223.268
225.184
227.012
228.744
230.374
231.884
258.528
254.618
250.988
247.585
244.368
241.274
238.261
235.309
232.405
229.544
226.73
223.973
221.293
218.717
216.28
214.023
211.989
210.219
208.757
207.654
206.951
206.695
206.849
207.357
208.171
209.241
210.525
211.975
213.548
215.204
216.909
218.636
220.36
222.065
223.734
225.352
226.91
228.406
229.835
231.19
232.457
258.137
254.656
251.431
248.42
245.59
242.885
240.266
237.717
235.225
232.786
230.402
228.08
225.834
223.684
221.656
219.778
218.082
216.597
215.356
214.396
213.748
213.45
213.476
213.785
214.34
215.107
216.051
217.137
218.331
219.601
220.923
222.272
223.629
224.98
226.313
227.614
228.875
230.094
231.267
232.387
233.442
257.846
254.73
251.847
249.167
246.66
244.277
241.984
239.765
237.608
235.511
233.473
231.5
229.601
227.793
226.092
224.522
223.103
221.858
220.81
219.987
219.41
219.111
219.068
219.25
219.632
220.185
220.884
221.703
222.613
223.592
224.618
225.674
226.743
227.815
228.878
229.923
230.942
231.934
232.893
233.815
234.689
257.631
254.828
252.238
249.838
247.605
245.493
243.471
241.526
239.646
237.829
236.074
234.385
232.769
231.236
229.802
228.481
227.291
226.245
225.362
224.661
224.158
223.877
223.801
223.905
224.169
224.573
225.096
225.717
226.416
227.174
227.974
228.803
229.649
230.501
231.35
232.19
233.014
233.82
234.604
235.362
236.084
257.474
254.941
252.603
250.444
248.445
246.563
244.77
243.054
241.406
239.822
238.301
236.845
235.46
234.154
232.937
231.821
230.818
229.937
229.193
228.599
228.166
227.913
227.824
227.879
228.064
228.362
228.757
229.233
229.774
230.365
230.994
231.648
232.319
232.999
233.681
234.358
235.025
235.681
236.322
236.945
237.541
257.361
255.064
252.945
250.994
249.196
247.51
245.912
244.391
242.938
241.55
240.224
238.962
237.769
236.65
235.612
234.664
233.815
233.072
232.444
231.942
231.572
231.349
231.258
231.284
231.415
231.638
231.941
232.31
232.732
233.197
233.694
234.214
234.75
235.295
235.844
236.392
236.934
237.469
237.994
238.507
238.999
257.284
255.192
253.263
251.493
249.869
248.352
246.922
245.568
244.281
243.057
241.896
240.798
239.764
238.8
237.911
237.103
236.382
235.754
235.223
234.798
234.484
234.29
234.204
234.214
234.308
234.478
234.712
235.001
235.335
235.704
236.1
236.516
236.947
237.387
237.831
238.276
238.718
239.157
239.588
240.011
240.419
257.233
255.32
253.559
251.947
250.474
249.104
247.819
246.607
245.462
244.38
243.359
242.398
241.5
240.666
239.902
239.21
238.596
238.062
237.614
237.255
236.988
236.822
236.744
236.744
236.814
236.945
237.129
237.358
237.624
237.92
238.238
238.574
238.923
239.28
239.642
240.005
240.368
240.728
241.084
241.434
241.772
257.203
255.448
253.833
252.36
251.019
249.777
248.617
247.529
246.507
245.546
244.644
243.801
243.017
242.294
241.634
241.04
240.516
240.062
239.682
239.378
239.153
239.012
238.943
238.938
238.991
239.094
239.241
239.425
239.639
239.878
240.137
240.41
240.694
240.986
241.283
241.581
241.88
242.178
242.473
242.764
243.045
257.188
255.573
254.087
252.736
251.51
250.38
249.329
248.349
247.433
246.577
245.778
245.036
244.349
243.72
243.149
242.638
242.189
241.802
241.48
241.224
241.034
240.914
240.855
240.849
240.89
240.973
241.091
241.241
241.415
241.61
241.822
242.046
242.279
242.519
242.764
243.011
243.259
243.506
243.752
243.994
244.23
257.185
255.693
254.321
253.077
251.953
250.921
249.966
249.08
248.257
247.491
246.782
246.126
245.523
244.974
244.479
244.038
243.653
243.324
243.05
242.833
242.674
242.574
242.523
242.517
242.55
242.618
242.716
242.838
242.982
243.143
243.317
243.502
243.695
243.894
244.097
244.303
244.509
244.716
244.921
245.124
245.322
257.191
255.807
254.536
253.387
252.352
251.406
250.535
249.732
248.989
248.304
247.671
247.091
246.56
246.08
245.65
245.27
244.939
244.658
244.426
244.243
244.109
244.026
243.984
243.979
244.007
244.063
244.144
244.246
244.366
244.499
244.644
244.798
244.959
245.125
245.294
245.466
245.639
245.812
245.984
246.156
246.322
257.204
255.915
254.733
253.667
252.711
251.841
251.044
250.313
249.642
249.025
248.461
247.946
247.478
247.058
246.684
246.355
246.071
245.831
245.634
245.48
245.368
245.3
245.266
245.262
245.286
245.334
245.403
245.489
245.589
245.701
245.822
245.951
246.086
246.225
246.368
246.512
246.657
246.803
246.948
247.093
247.234
257.221
256.016
254.912
253.92
253.033
252.23
251.498
250.831
250.223
249.667
249.162
248.704
248.292
247.923
247.597
247.313
247.069
246.865
246.698
246.569
246.476
246.42
246.393
246.391
246.413
246.454
246.513
246.586
246.67
246.765
246.868
246.977
247.09
247.208
247.328
247.45
247.573
247.696
247.819
247.942
248.061
257.241
256.109
255.074
254.147
253.321
252.577
251.903
251.292
250.739
250.237
249.784
249.377
249.012
248.689
248.406
248.16
247.951
247.776
247.636
247.528
247.451
247.406
247.385
247.386
247.406
247.442
247.493
247.555
247.628
247.708
247.796
247.888
247.985
248.084
248.186
248.29
248.394
248.499
248.603
248.708
248.809
257.263
256.195
255.22
254.35
253.577
252.885
252.262
251.701
251.196
250.743
250.336
249.973
249.65
249.367
249.12
248.908
248.729
248.581
248.463
248.373
248.311
248.275
248.259
248.262
248.281
248.313
248.357
248.411
248.474
248.543
248.618
248.697
248.779
248.864
248.951
249.039
249.127
249.217
249.306
249.395
249.48
257.285
256.273
255.351
254.529
253.804
253.157
252.579
252.062
251.601
251.189
250.823
250.499
250.214
249.966
249.751
249.568
249.416
249.291
249.192
249.119
249.068
249.04
249.03
249.034
249.052
249.082
249.121
249.168
249.222
249.282
249.346
249.414
249.485
249.557
249.632
249.707
249.783
249.859
249.934
250.01
250.083
257.307
256.342
255.465
254.687
254.002
253.396
252.857
252.379
251.955
251.581
251.251
250.962
250.71
250.493
250.307
250.15
250.02
249.916
249.834
249.774
249.734
249.713
249.707
249.713
249.731
249.758
249.793
249.834
249.881
249.933
249.988
250.047
250.107
250.17
250.233
250.298
250.362
250.427
250.492
250.557
250.618
257.327
256.403
255.565
254.823
254.173
253.601
253.097
252.653
252.264
251.923
251.626
251.368
251.145
250.955
250.794
250.66
250.551
250.464
250.398
250.35
250.319
250.305
250.303
250.311
250.329
250.354
250.386
250.423
250.465
250.51
250.558
250.609
250.662
250.715
250.77
250.826
250.881
250.937
250.992
251.048
251.101
257.347
256.455
255.649
254.938
254.319
253.777
253.302
252.889
252.53
252.218
251.95
251.719
251.523
251.357
251.219
251.106
251.014
250.943
250.89
250.853
250.83
250.821
250.823
250.833
250.85
250.874
250.903
250.936
250.973
251.012
251.054
251.098
251.144
251.19
251.237
251.285
251.332
251.38
251.428
251.475
251.52
257.364
256.499
255.719
255.033
254.439
253.922
253.474
253.087
252.754
252.469
252.226
252.021
251.848
251.704
251.586
251.491
251.416
251.359
251.318
251.291
251.276
251.274
251.279
251.292
251.31
251.334
251.361
251.392
251.426
251.462
251.5
251.538
251.578
251.619
251.66
251.702
251.743
251.785
251.826
251.868
251.907
257.378
256.533
255.773
255.107
254.533
254.038
253.612
253.248
252.939
252.678
252.458
252.275
252.123
251.999
251.9
251.821
251.761
251.716
251.685
251.666
251.658
251.659
251.667
251.681
251.699
251.722
251.747
251.776
251.806
251.838
251.871
251.905
251.94
251.975
252.011
252.047
252.083
252.119
252.154
252.19
252.224
257.39
256.557
255.812
255.161
254.602
254.124
253.717
253.373
253.084
252.844
252.645
252.482
252.35
252.245
252.163
252.1
252.053
252.022
252.002
251.993
251.993
252.001
252.015
252.033
252.054
252.078
252.105
252.133
252.163
252.193
252.225
252.256
252.288
252.32
252.352
252.384
252.415
252.447
252.478
252.509
252.539
257.4
256.575
255.839
255.198
254.65
254.185
253.792
253.464
253.193
252.97
252.79
252.645
252.531
252.443
252.376
252.327
252.293
252.271
252.259
252.256
252.26
252.27
252.284
252.302
252.323
252.346
252.37
252.397
252.424
252.452
252.48
252.509
252.537
252.566
252.595
252.623
252.651
252.679
252.707
252.734
252.76
257.405
256.581
255.849
255.214
254.674
254.219
253.838
253.524
253.267
253.06
252.895
252.767
252.668
252.596
252.544
252.511
252.492
252.486
252.489
252.499
252.516
252.538
252.562
252.588
252.616
252.644
252.672
252.701
252.73
252.758
252.786
252.814
252.841
252.868
252.894
252.92
252.945
252.97
252.994
253.018
253.042
257.405
256.568
255.829
255.192
254.654
254.204
253.834
253.532
253.29
253.098
252.95
252.837
252.754
252.695
252.655
252.632
252.62
252.618
252.625
252.637
252.654
252.675
252.699
252.724
252.751
252.779
252.808
252.837
252.865
252.893
252.92
252.947
252.973
252.999
253.023
253.048
253.072
253.095
253.117
253.14
253.161
257.399
256.54
255.786
255.139
254.596
254.146
253.781
253.488
253.257
253.08
252.947
252.853
252.789
252.751
252.734
252.735
252.749
252.774
252.806
252.843
252.883
252.925
252.967
253.007
253.046
253.083
253.118
253.15
253.181
253.211
253.239
253.266
253.292
253.317
253.34
253.363
253.384
253.405
253.425
253.444
253.463
332.932
304.263
288.353
286.922
284.514
280.583
277.453
275.146
273.158
271.372
269.809
268.441
267.224
266.139
265.172
264.303
263.506
262.767
262.067
261.379
260.602
259.922
259.675
259.8
260.048
260.248
260.35
260.395
260.383
260.339
260.267
260.186
260.089
259.994
259.896
259.799
259.708
259.614
259.532
259.447
259.374
259.298
259.224
259.154
259.08
259.008
258.938
258.87
258.802
258.737
258.674
258.618
258.558
258.512
258.465
258.429
258.406
258.378
258.367
258.345
258.339
258.331
258.321
258.309
258.298
258.286
258.267
258.246
258.231
258.21
258.19
258.176
258.137
258.188
330.053
304.065
288.31
286.734
284.328
280.415
277.306
275.01
273.026
271.245
269.688
268.327
267.118
266.038
265.074
264.208
263.415
262.682
261.993
261.299
260.491
259.799
259.584
259.739
259.979
260.147
260.22
260.246
260.23
260.194
260.138
260.077
260.005
259.934
259.858
259.781
259.707
259.627
259.555
259.479
259.41
259.336
259.263
259.19
259.114
259.038
258.963
258.889
258.815
258.743
258.675
258.613
258.548
258.496
258.446
258.406
258.38
258.349
258.336
258.314
258.306
258.298
258.287
258.276
258.264
258.253
258.234
258.214
258.2
258.181
258.161
258.149
258.111
258.165
326.451
303.841
288.273
286.461
284.114
280.23
277.134
274.852
272.875
271.101
269.553
268.199
266.996
265.921
264.961
264.1
263.314
262.588
261.908
261.206
260.377
259.678
259.488
259.666
259.9
260.043
260.092
260.102
260.082
260.053
260.012
259.971
259.92
259.871
259.816
259.759
259.701
259.635
259.573
259.504
259.44
259.369
259.296
259.223
259.144
259.064
258.984
258.905
258.825
258.747
258.673
258.606
258.536
258.479
258.424
258.381
258.352
258.32
258.304
258.281
258.272
258.263
258.253
258.241
258.23
258.218
258.201
258.182
258.168
258.15
258.132
258.121
258.084
258.142
322.009
303.22
288.205
286.09
283.841
280.015
276.93
274.663
272.7
270.937
269.398
268.053
266.857
265.787
264.833
263.979
263.2
262.481
261.807
261.104
260.271
259.573
259.392
259.581
259.813
259.943
259.976
259.974
259.951
259.925
259.894
259.868
259.835
259.804
259.767
259.725
259.681
259.628
259.576
259.514
259.455
259.388
259.317
259.243
259.163
259.081
258.998
258.914
258.83
258.748
258.669
258.597
258.523
258.462
258.405
258.359
258.327
258.294
258.276
258.252
258.242
258.233
258.222
258.21
258.198
258.187
258.17
258.152
258.139
258.122
258.105
258.095
258.059
258.119
316.81
302.032
288.06
285.568
283.445
279.738
276.671
274.426
272.488
270.741
269.215
267.88
266.693
265.632
264.685
263.84
263.07
262.359
261.69
260.993
260.179
259.499
259.316
259.495
259.719
259.84
259.864
259.854
259.827
259.804
259.783
259.768
259.749
259.733
259.711
259.683
259.653
259.61
259.567
259.513
259.459
259.396
259.326
259.253
259.173
259.09
259.004
258.918
258.83
258.744
258.662
258.586
258.509
258.444
258.385
258.337
258.302
258.268
258.248
258.224
258.212
258.203
258.192
258.18
258.169
258.158
258.141
258.124
258.111
258.095
258.079
258.07
258.034
258.097
311.036
300.078
287.673
284.818
282.842
279.345
276.324
274.112
272.214
270.495
268.988
267.669
266.495
265.446
264.51
263.676
262.918
262.217
261.553
260.866
260.093
259.454
259.268
259.421
259.624
259.733
259.752
259.736
259.707
259.687
259.672
259.667
259.661
259.657
259.648
259.633
259.614
259.582
259.548
259.501
259.452
259.393
259.327
259.255
259.175
259.091
259.004
258.916
258.826
258.737
258.651
258.572
258.493
258.425
258.364
258.314
258.277
258.242
258.221
258.197
258.184
258.174
258.164
258.151
258.14
258.129
258.113
258.096
258.083
258.068
258.053
258.045
258.01
258.074
304.823
297.215
286.834
283.756
281.926
278.746
275.832
273.674
271.839
270.169
268.695
267.401
266.249
265.217
264.298
263.478
262.735
262.047
261.392
260.721
259.997
259.415
259.239
259.366
259.538
259.63
259.641
259.62
259.59
259.571
259.562
259.564
259.568
259.575
259.577
259.574
259.565
259.543
259.517
259.477
259.433
259.38
259.317
259.248
259.169
259.086
258.998
258.908
258.816
258.725
258.637
258.556
258.475
258.405
258.342
258.291
258.252
258.217
258.194
258.17
258.156
258.146
258.135
258.123
258.111
258.1
258.085
258.069
258.056
258.042
258.027
258.02
257.986
258.051
298.282
293.411
285.326
282.286
280.599
277.831
275.114
273.047
271.305
269.712
268.294
267.044
265.928
264.926
264.03
263.231
262.508
261.839
261.2
260.551
259.881
259.357
259.196
259.307
259.458
259.534
259.536
259.508
259.475
259.455
259.449
259.457
259.47
259.486
259.497
259.503
259.504
259.491
259.473
259.441
259.403
259.354
259.296
259.23
259.154
259.072
258.985
258.894
258.802
258.709
258.62
258.537
258.455
258.383
258.319
258.267
258.227
258.192
258.168
258.144
258.13
258.119
258.108
258.095
258.084
258.073
258.058
258.042
258.03
258.016
258.002
257.996
257.962
258.029
291.507
288.743
282.971
280.289
278.778
276.486
274.076
272.158
270.546
269.067
267.735
266.554
265.495
264.54
263.681
262.913
262.218
261.576
260.965
260.35
259.738
259.268
259.114
259.209
259.352
259.428
259.429
259.398
259.361
259.338
259.333
259.344
259.363
259.386
259.407
259.421
259.43
259.426
259.415
259.391
259.359
259.316
259.264
259.202
259.13
259.05
258.964
258.874
258.781
258.689
258.598
258.514
258.432
258.36
258.295
258.243
258.202
258.167
258.142
258.118
258.104
258.092
258.082
258.069
258.058
258.046
258.031
258.017
258.004
257.991
257.978
257.972
257.939
258.006
284.587
283.374
279.693
277.648
276.4
274.619
272.622
270.931
269.496
268.173
266.964
265.882
264.907
264.021
263.218
262.496
261.841
261.238
260.665
260.1
259.555
259.141
258.99
259.06
259.191
259.276
259.295
259.275
259.242
259.218
259.212
259.223
259.247
259.276
259.304
259.327
259.343
259.347
259.343
259.326
259.301
259.265
259.218
259.162
259.094
259.018
258.935
258.847
258.755
258.663
258.573
258.488
258.406
258.334
258.27
258.217
258.176
258.142
258.117
258.094
258.078
258.067
258.056
258.044
258.032
258.02
258.006
257.991
257.979
257.967
257.953
257.948
257.917
257.982
277.612
277.504
275.538
274.289
273.425
272.171
270.666
269.292
268.09
266.971
265.929
264.982
264.121
263.331
262.608
261.95
261.352
260.801
260.282
259.781
259.312
258.959
258.817
258.861
258.973
259.062
259.103
259.106
259.092
259.079
259.077
259.091
259.117
259.151
259.187
259.217
259.242
259.254
259.257
259.248
259.229
259.199
259.159
259.109
259.047
258.976
258.897
258.812
258.723
258.632
258.542
258.458
258.377
258.305
258.242
258.19
258.15
258.116
258.092
258.069
258.054
258.042
258.032
258.019
258.007
257.995
257.981
257.967
257.955
257.943
257.93
257.925
257.895
257.958
270.661
271.324
270.663
270.224
269.844
269.128
268.155
267.178
266.274
265.409
264.581
263.809
263.097
262.433
261.817
261.248
260.726
260.244
259.795
259.371
258.987
258.702
258.579
258.606
258.7
258.791
258.85
258.879
258.89
258.896
258.908
258.931
258.965
259.006
259.049
259.089
259.122
259.144
259.155
259.153
259.141
259.118
259.085
259.042
258.987
258.923
258.849
258.768
258.683
258.595
258.507
258.424
258.345
258.274
258.212
258.161
258.122
258.09
258.066
258.045
258.03
258.018
258.008
257.995
257.983
257.97
257.956
257.943
257.931
257.919
257.907
257.901
257.873
257.932
263.813
265.008
265.284
265.557
265.701
265.519
265.083
264.553
264.005
263.442
262.874
262.322
261.794
261.291
260.812
260.36
259.939
259.548
259.187
258.853
258.561
258.349
258.258
258.281
258.366
258.46
258.537
258.593
258.632
258.663
258.694
258.73
258.775
258.826
258.88
258.932
258.977
259.011
259.033
259.041
259.038
259.022
258.996
258.959
258.912
258.855
258.789
258.714
258.634
258.55
258.466
258.385
258.308
258.238
258.178
258.13
258.092
258.062
258.04
258.02
258.006
257.995
257.984
257.972
257.96
257.947
257.933
257.919
257.907
257.896
257.884
257.878
257.852
257.906
257.168
258.719
259.641
260.476
261.109
261.43
261.502
261.431
261.274
261.052
260.783
260.487
260.182
259.872
259.562
259.258
258.966
258.69
258.436
258.206
258.014
257.882
257.835
257.87
257.958
258.062
258.16
258.245
258.316
258.376
258.43
258.485
258.543
258.606
258.672
258.737
258.797
258.846
258.884
258.906
258.914
258.908
258.89
258.862
258.822
258.773
258.714
258.648
258.574
258.497
258.418
258.34
258.266
258.2
258.142
258.095
258.06
258.032
258.012
257.995
257.982
257.971
257.961
257.949
257.937
257.924
257.909
257.896
257.884
257.873
257.861
257.855
257.831
257.879
250.883
252.649
253.991
255.227
256.257
257.011
257.534
257.894
258.128
258.26
258.31
258.299
258.245
258.158
258.047
257.919
257.783
257.648
257.521
257.41
257.325
257.281
257.293
257.36
257.465
257.587
257.711
257.827
257.933
258.028
258.113
258.191
258.268
258.345
258.424
258.502
258.577
258.644
258.699
258.739
258.763
258.771
258.765
258.746
258.715
258.674
258.625
258.567
258.502
258.433
258.36
258.289
258.22
258.157
258.102
258.058
258.025
257.999
257.981
257.967
257.957
257.947
257.938
257.927
257.915
257.901
257.887
257.873
257.861
257.85
257.838
257.832
257.811
257.85
245.179
247.036
248.615
250.096
251.402
252.484
253.367
254.092
254.679
255.147
255.511
255.791
256.001
256.155
256.263
256.334
256.378
256.405
256.424
256.444
256.477
256.531
256.616
256.732
256.872
257.026
257.182
257.334
257.479
257.612
257.732
257.842
257.943
258.039
258.134
258.227
258.318
258.402
258.477
258.537
258.58
258.606
258.615
258.608
258.588
258.557
258.516
258.468
258.414
258.354
258.292
258.228
258.166
258.109
258.058
258.017
257.987
257.964
257.949
257.937
257.929
257.922
257.915
257.904
257.892
257.879
257.865
257.851
257.838
257.827
257.816
257.809
257.791
257.82
240.335
242.167
243.829
245.412
246.861
248.145
249.273
250.264
251.128
251.874
252.514
253.06
253.524
253.916
254.246
254.525
254.76
254.961
255.138
255.301
255.459
255.621
255.792
255.975
256.169
256.367
256.566
256.76
256.947
257.122
257.282
257.428
257.56
257.682
257.797
257.909
258.017
258.121
258.216
258.298
258.364
258.411
258.438
258.447
258.44
258.419
258.389
258.35
258.307
258.258
258.207
258.155
258.103
258.054
258.01
257.973
257.946
257.926
257.913
257.904
257.899
257.894
257.889
257.88
257.869
257.857
257.843
257.829
257.816
257.805
257.793
257.786
257.771
257.789
236.781
238.493
240.109
241.667
243.133
244.486
245.728
246.864
247.896
248.828
249.664
250.411
251.076
251.666
252.189
252.651
253.061
253.426
253.754
254.055
254.337
254.607
254.87
255.13
255.388
255.641
255.89
256.131
256.362
256.579
256.781
256.966
257.133
257.285
257.426
257.559
257.688
257.811
257.927
258.032
258.121
258.191
258.24
258.267
258.274
258.266
258.246
258.218
258.184
258.148
258.109
258.069
258.03
257.991
257.956
257.926
257.903
257.886
257.876
257.869
257.866
257.863
257.86
257.854
257.844
257.833
257.82
257.807
257.794
257.782
257.771
257.762
257.75
257.756
234.558
236.094
237.582
239.033
240.427
241.751
243.001
244.176
245.275
246.296
247.24
248.108
248.904
249.63
250.292
250.894
251.442
251.94
252.396
252.815
253.206
253.574
253.924
254.26
254.583
254.895
255.195
255.483
255.757
256.017
256.258
256.481
256.683
256.868
257.037
257.196
257.346
257.49
257.627
257.754
257.866
257.958
258.028
258.075
258.099
258.104
258.095
258.077
258.053
258.028
258.001
257.975
257.948
257.922
257.898
257.877
257.859
257.846
257.838
257.833
257.83
257.83
257.828
257.824
257.817
257.808
257.796
257.784
257.772
257.76
257.749
257.739
257.73
257.722
233.436
234.771
236.089
237.388
238.657
239.887
241.074
242.213
243.301
244.334
245.31
246.229
247.09
247.893
248.64
249.334
249.977
250.572
251.124
251.638
252.117
252.568
252.993
253.397
253.782
254.148
254.498
254.831
255.147
255.446
255.725
255.984
256.221
256.438
256.638
256.823
256.997
257.163
257.32
257.468
257.6
257.714
257.805
257.872
257.913
257.933
257.937
257.929
257.916
257.901
257.886
257.873
257.86
257.848
257.836
257.824
257.814
257.805
257.799
257.795
257.794
257.794
257.794
257.792
257.787
257.78
257.771
257.76
257.749
257.737
257.727
257.716
257.709
257.689
233.163
234.293
235.426
236.555
237.672
238.773
239.853
240.908
241.932
242.923
243.876
244.789
245.661
246.489
247.273
248.014
248.711
249.367
249.983
250.562
251.107
251.621
252.107
252.567
253.004
253.418
253.812
254.187
254.541
254.875
255.189
255.482
255.752
256.002
256.231
256.444
256.643
256.83
257.008
257.175
257.327
257.461
257.572
257.658
257.717
257.753
257.771
257.775
257.773
257.769
257.766
257.765
257.766
257.768
257.768
257.768
257.766
257.763
257.76
257.757
257.756
257.756
257.757
257.756
257.754
257.749
257.742
257.734
257.725
257.714
257.704
257.692
257.686
257.656
233.52
234.458
235.408
236.365
237.324
238.282
239.234
240.177
241.106
242.019
242.91
243.778
244.619
245.431
246.212
246.96
247.675
248.357
249.006
249.622
250.207
250.763
251.291
251.792
252.269
252.722
253.153
253.562
253.95
254.316
254.661
254.984
255.285
255.564
255.822
256.061
256.284
256.494
256.692
256.877
257.047
257.199
257.329
257.434
257.512
257.565
257.597
257.615
257.625
257.632
257.64
257.652
257.667
257.682
257.696
257.707
257.714
257.718
257.719
257.718
257.718
257.718
257.718
257.718
257.717
257.716
257.711
257.706
257.699
257.69
257.681
257.669
257.663
257.624
234.318
235.084
235.866
236.662
237.468
238.283
239.102
239.923
240.742
241.557
242.364
243.16
243.943
244.708
245.455
246.18
246.882
247.56
248.213
248.84
249.442
250.018
250.569
251.095
251.599
252.079
252.536
252.972
253.386
253.779
254.15
254.499
254.826
255.131
255.414
255.679
255.925
256.156
256.373
256.575
256.762
256.931
257.078
257.201
257.297
257.368
257.417
257.449
257.472
257.491
257.512
257.535
257.562
257.59
257.617
257.641
257.658
257.67
257.676
257.678
257.678
257.678
257.678
257.679
257.679
257.679
257.678
257.675
257.671
257.664
257.657
257.645
257.639
257.594
235.409
236.026
236.66
237.312
237.979
238.659
239.35
240.05
240.756
241.466
242.178
242.888
243.594
244.294
244.985
245.664
246.33
246.981
247.614
248.23
248.827
249.403
249.96
250.495
251.01
251.505
251.978
252.431
252.864
253.275
253.665
254.035
254.383
254.709
255.015
255.301
255.568
255.819
256.053
256.272
256.475
256.659
256.822
256.962
257.075
257.164
257.23
257.279
257.316
257.348
257.38
257.415
257.454
257.494
257.533
257.568
257.596
257.617
257.629
257.635
257.637
257.637
257.637
257.638
257.639
257.641
257.642
257.642
257.641
257.637
257.631
257.62
257.614
257.566
236.674
237.166
237.673
238.201
238.746
239.306
239.88
240.466
241.064
241.671
242.285
242.904
243.527
244.15
244.773
245.392
246.006
246.612
247.21
247.796
248.37
248.93
249.475
250.005
250.518
251.014
251.492
251.952
252.393
252.815
253.218
253.601
253.964
254.307
254.63
254.933
255.218
255.485
255.736
255.97
256.187
256.385
256.563
256.719
256.849
256.955
257.039
257.104
257.156
257.202
257.246
257.292
257.342
257.393
257.444
257.49
257.529
257.558
257.578
257.589
257.594
257.596
257.596
257.596
257.597
257.6
257.603
257.606
257.608
257.607
257.604
257.593
257.588
257.538
238.024
238.413
238.816
239.239
239.68
240.136
240.607
241.092
241.59
242.1
242.622
243.152
243.69
244.235
244.784
245.336
245.888
246.44
246.989
247.533
248.071
248.601
249.122
249.632
250.13
250.615
251.086
251.543
251.983
252.408
252.815
253.205
253.577
253.93
254.265
254.582
254.88
255.161
255.425
255.672
255.902
256.113
256.305
256.474
256.621
256.743
256.844
256.926
256.994
257.053
257.11
257.167
257.227
257.288
257.349
257.406
257.455
257.494
257.522
257.54
257.549
257.552
257.553
257.554
257.555
257.559
257.564
257.569
257.573
257.575
257.575
257.566
257.56
257.51
239.395
239.701
240.019
240.357
240.711
241.08
241.462
241.859
242.27
242.693
243.13
243.577
244.036
244.503
244.979
245.461
245.949
246.44
246.934
247.428
247.92
248.411
248.897
249.377
249.85
250.314
250.768
251.212
251.643
252.061
252.466
252.855
253.229
253.587
253.928
254.252
254.56
254.851
255.126
255.383
255.624
255.846
256.049
256.232
256.392
256.53
256.647
256.745
256.828
256.902
256.971
257.04
257.109
257.18
257.251
257.317
257.376
257.425
257.461
257.486
257.5
257.507
257.509
257.511
257.513
257.516
257.522
257.529
257.536
257.541
257.543
257.536
257.531
257.482
240.744
240.984
241.233
241.502
241.785
242.081
242.39
242.712
243.048
243.397
243.758
244.131
244.516
244.912
245.318
245.733
246.156
246.586
247.022
247.462
247.905
248.349
248.793
249.236
249.675
250.111
250.54
250.963
251.377
251.781
252.175
252.557
252.927
253.283
253.625
253.952
254.264
254.561
254.842
255.107
255.356
255.587
255.8
255.993
256.166
256.318
256.45
256.563
256.661
256.749
256.831
256.91
256.99
257.07
257.149
257.224
257.292
257.35
257.395
257.427
257.447
257.458
257.464
257.466
257.469
257.473
257.48
257.489
257.498
257.505
257.509
257.504
257.5
257.453
242.041
242.229
242.424
242.637
242.863
243.1
243.348
243.608
243.881
244.166
244.462
244.771
245.091
245.422
245.765
246.117
246.479
246.85
247.229
247.614
248.006
248.401
248.8
249.201
249.602
250.003
250.402
250.797
251.187
251.571
251.948
252.316
252.675
253.024
253.361
253.685
253.997
254.295
254.578
254.848
255.101
255.339
255.559
255.761
255.945
256.109
256.253
256.381
256.494
256.595
256.689
256.779
256.868
256.957
257.044
257.128
257.204
257.27
257.324
257.364
257.391
257.407
257.416
257.421
257.424
257.43
257.437
257.447
257.457
257.466
257.473
257.471
257.467
257.423
243.268
243.416
243.568
243.737
243.917
244.106
244.305
244.515
244.735
244.966
245.208
245.462
245.726
246.001
246.287
246.583
246.89
247.205
247.53
247.863
248.204
248.551
248.904
249.261
249.621
249.984
250.348
250.711
251.072
251.431
251.786
252.135
252.478
252.813
253.139
253.456
253.762
254.057
254.339
254.609
254.865
255.106
255.331
255.539
255.731
255.905
256.061
256.201
256.327
256.441
256.547
256.648
256.746
256.843
256.938
257.029
257.112
257.186
257.248
257.295
257.329
257.352
257.365
257.373
257.378
257.385
257.393
257.404
257.416
257.427
257.436
257.436
257.433
257.391
244.415
244.531
244.651
244.785
244.929
245.08
245.239
245.408
245.585
245.773
245.969
246.176
246.393
246.62
246.857
247.103
247.36
247.627
247.902
248.187
248.48
248.78
249.088
249.401
249.72
250.044
250.37
250.699
251.029
251.359
251.687
252.013
252.335
252.652
252.964
253.268
253.565
253.852
254.129
254.395
254.649
254.89
255.118
255.33
255.528
255.709
255.875
256.025
256.163
256.289
256.406
256.517
256.624
256.728
256.83
256.927
257.018
257.099
257.168
257.223
257.264
257.292
257.311
257.323
257.331
257.339
257.349
257.36
257.373
257.386
257.397
257.398
257.397
257.358
245.477
245.569
245.664
245.77
245.886
246.007
246.135
246.27
246.413
246.565
246.724
246.892
247.07
247.256
247.451
247.655
247.869
248.091
248.323
248.564
248.813
249.07
249.336
249.608
249.886
250.171
250.46
250.753
251.05
251.348
251.648
251.947
252.246
252.542
252.835
253.123
253.405
253.681
253.949
254.208
254.458
254.696
254.923
255.137
255.337
255.524
255.697
255.856
256.003
256.139
256.266
256.386
256.501
256.613
256.721
256.824
256.921
257.008
257.084
257.146
257.194
257.23
257.254
257.27
257.282
257.292
257.303
257.316
257.33
257.344
257.357
257.36
257.36
257.324
246.452
246.526
246.601
246.687
246.78
246.877
246.98
247.089
247.205
247.327
247.457
247.593
247.738
247.89
248.05
248.218
248.395
248.58
248.774
248.976
249.186
249.404
249.631
249.864
250.105
250.353
250.606
250.864
251.128
251.394
251.664
251.935
252.208
252.48
252.751
253.02
253.286
253.547
253.803
254.052
254.294
254.526
254.749
254.962
255.163
255.352
255.53
255.695
255.85
255.994
256.129
256.257
256.38
256.498
256.612
256.721
256.823
256.916
256.997
257.066
257.121
257.163
257.193
257.215
257.23
257.243
257.257
257.271
257.287
257.302
257.316
257.321
257.321
257.288
247.344
247.404
247.464
247.534
247.609
247.688
247.771
247.859
247.952
248.051
248.156
248.267
248.385
248.509
248.64
248.778
248.924
249.077
249.238
249.407
249.584
249.768
249.959
250.158
250.365
250.578
250.797
251.022
251.253
251.489
251.728
251.971
252.217
252.464
252.712
252.96
253.206
253.45
253.691
253.928
254.158
254.383
254.599
254.808
255.007
255.197
255.376
255.545
255.705
255.855
255.997
256.132
256.261
256.385
256.504
256.617
256.723
256.821
256.908
256.983
257.045
257.093
257.13
257.157
257.177
257.194
257.209
257.225
257.243
257.259
257.274
257.28
257.282
257.252
248.155
248.204
248.253
248.309
248.371
248.435
248.502
248.574
248.65
248.73
248.815
248.905
249.001
249.103
249.21
249.324
249.444
249.57
249.704
249.844
249.992
250.146
250.308
250.476
250.652
250.834
251.022
251.217
251.417
251.623
251.834
252.049
252.267
252.489
252.713
252.938
253.164
253.389
253.613
253.834
254.052
254.266
254.474
254.676
254.871
255.058
255.237
255.407
255.57
255.724
255.87
256.01
256.144
256.273
256.396
256.514
256.624
256.726
256.818
256.898
256.966
257.021
257.063
257.096
257.121
257.142
257.161
257.179
257.198
257.216
257.232
257.239
257.242
257.214
248.89
248.93
248.97
249.017
249.067
249.12
249.175
249.233
249.295
249.361
249.43
249.504
249.582
249.666
249.754
249.847
249.946
250.051
250.162
250.279
250.402
250.531
250.667
250.809
250.957
251.111
251.272
251.439
251.611
251.789
251.973
252.161
252.353
252.55
252.75
252.952
253.157
253.362
253.568
253.773
253.976
254.177
254.375
254.568
254.756
254.939
255.115
255.284
255.447
255.603
255.752
255.895
256.033
256.165
256.291
256.412
256.525
256.631
256.727
256.812
256.885
256.946
256.995
257.033
257.064
257.09
257.112
257.133
257.153
257.173
257.189
257.198
257.202
257.177
249.55
249.583
249.617
249.656
249.698
249.741
249.786
249.834
249.885
249.939
249.997
250.058
250.122
250.191
250.264
250.342
250.424
250.511
250.603
250.7
250.803
250.911
251.025
251.144
251.268
251.399
251.535
251.677
251.824
251.977
252.136
252.299
252.467
252.64
252.816
252.996
253.179
253.365
253.552
253.74
253.928
254.115
254.3
254.483
254.663
254.838
255.01
255.176
255.337
255.493
255.643
255.787
255.927
256.061
256.189
256.312
256.428
256.537
256.636
256.725
256.803
256.869
256.924
256.969
257.005
257.036
257.062
257.086
257.109
257.129
257.147
257.157
257.162
257.139
250.143
250.171
250.2
250.232
250.267
250.304
250.342
250.382
250.425
250.47
250.518
250.569
250.623
250.681
250.742
250.807
250.875
250.948
251.025
251.106
251.192
251.282
251.377
251.477
251.582
251.692
251.807
251.927
252.052
252.182
252.318
252.459
252.604
252.755
252.909
253.068
253.231
253.396
253.565
253.735
253.907
254.079
254.251
254.422
254.592
254.759
254.924
255.085
255.242
255.395
255.544
255.688
255.828
255.962
256.092
256.216
256.334
256.444
256.546
256.639
256.721
256.793
256.853
256.904
256.946
256.981
257.012
257.039
257.064
257.087
257.106
257.117
257.122
257.102
250.67
250.694
250.718
250.747
250.777
250.808
250.84
250.875
250.911
250.95
250.991
251.034
251.08
251.129
251.181
251.236
251.293
251.355
251.419
251.487
251.559
251.634
251.714
251.798
251.885
251.978
252.074
252.176
252.282
252.393
252.509
252.629
252.755
252.885
253.02
253.159
253.302
253.449
253.599
253.752
253.908
254.065
254.223
254.382
254.541
254.698
254.855
255.009
255.161
255.31
255.456
255.598
255.736
255.87
255.999
256.124
256.242
256.354
256.458
256.554
256.64
256.716
256.782
256.838
256.886
256.926
256.962
256.993
257.021
257.045
257.065
257.078
257.083
257.065
251.146
251.167
251.189
251.214
251.24
251.267
251.295
251.325
251.357
251.391
251.426
251.464
251.503
251.545
251.589
251.636
251.685
251.737
251.791
251.848
251.908
251.972
252.038
252.108
252.181
252.259
252.34
252.425
252.515
252.609
252.707
252.81
252.918
253.03
253.147
253.268
253.394
253.523
253.656
253.793
253.933
254.075
254.219
254.365
254.512
254.659
254.806
254.952
255.097
255.24
255.381
255.519
255.655
255.787
255.914
256.038
256.156
256.269
256.374
256.472
256.561
256.641
256.712
256.774
256.827
256.873
256.912
256.947
256.978
257.005
257.026
257.039
257.046
257.03
251.56
251.578
251.598
251.621
251.645
251.669
251.694
251.721
251.749
251.779
251.81
251.843
251.877
251.914
251.952
251.992
252.035
252.079
252.125
252.173
252.224
252.278
252.333
252.392
252.454
252.519
252.587
252.659
252.735
252.815
252.899
252.987
253.08
253.177
253.278
253.383
253.493
253.607
253.725
253.846
253.971
254.099
254.23
254.363
254.497
254.634
254.77
254.908
255.045
255.181
255.316
255.45
255.581
255.71
255.836
255.958
256.075
256.187
256.294
256.393
256.485
256.569
256.644
256.71
256.769
256.82
256.864
256.903
256.937
256.965
256.988
257.003
257.009
256.996
251.942
251.959
251.978
251.999
252.02
252.042
252.065
252.089
252.114
252.14
252.167
252.196
252.227
252.259
252.292
252.327
252.363
252.401
252.441
252.482
252.525
252.57
252.617
252.667
252.719
252.774
252.831
252.892
252.957
253.024
253.096
253.171
253.251
253.334
253.421
253.513
253.609
253.708
253.812
253.919
254.03
254.145
254.262
254.382
254.505
254.63
254.756
254.884
255.012
255.14
255.268
255.396
255.522
255.647
255.769
255.888
256.004
256.115
256.221
256.322
256.416
256.502
256.581
256.651
256.714
256.77
256.818
256.861
256.898
256.928
256.953
256.968
256.975
256.964
252.255
252.271
252.289
252.309
252.33
252.35
252.371
252.393
252.417
252.441
252.466
252.492
252.519
252.547
252.577
252.608
252.639
252.673
252.707
252.743
252.78
252.819
252.859
252.902
252.946
252.993
253.043
253.095
253.15
253.209
253.271
253.336
253.405
253.477
253.553
253.634
253.717
253.805
253.897
253.992
254.091
254.193
254.298
254.407
254.518
254.632
254.748
254.866
254.986
255.106
255.227
255.348
255.469
255.589
255.708
255.824
255.937
256.048
256.154
256.255
256.35
256.439
256.52
256.595
256.662
256.722
256.774
256.82
256.86
256.893
256.919
256.935
256.943
256.934
252.567
252.582
252.599
252.617
252.636
252.656
252.675
252.696
252.717
252.739
252.762
252.785
252.809
252.835
252.861
252.888
252.915
252.944
252.974
253.005
253.037
253.07
253.105
253.142
253.18
253.22
253.263
253.308
253.355
253.406
253.459
253.515
253.575
253.638
253.704
253.774
253.847
253.924
254.004
254.088
254.175
254.265
254.359
254.456
254.557
254.66
254.765
254.873
254.983
255.095
255.208
255.322
255.437
255.551
255.665
255.777
255.888
255.995
256.1
256.2
256.296
256.386
256.47
256.547
256.617
256.68
256.736
256.785
256.826
256.861
256.888
256.905
256.913
256.907
252.784
252.799
252.816
252.834
252.852
252.871
252.89
252.909
252.929
252.95
252.971
252.993
253.016
253.039
253.063
253.088
253.113
253.139
253.166
253.194
253.223
253.253
253.285
253.317
253.352
253.388
253.426
253.466
253.509
253.553
253.601
253.651
253.704
253.76
253.819
253.881
253.946
254.014
254.086
254.16
254.239
254.32
254.404
254.492
254.583
254.677
254.774
254.874
254.976
255.08
255.186
255.294
255.403
255.513
255.622
255.731
255.839
255.945
256.049
256.149
256.245
256.336
256.422
256.501
256.574
256.64
256.699
256.751
256.795
256.831
256.859
256.878
256.886
256.883
253.063
253.076
253.092
253.109
253.127
253.144
253.161
253.179
253.197
253.216
253.235
253.255
253.275
253.295
253.316
253.338
253.36
253.382
253.406
253.43
253.455
253.481
253.509
253.537
253.567
253.599
253.632
253.667
253.704
253.743
253.785
253.829
253.875
253.924
253.976
254.03
254.087
254.147
254.21
254.276
254.345
254.416
254.492
254.57
254.651
254.736
254.823
254.914
255.007
255.103
255.202
255.302
255.404
255.507
255.611
255.715
255.819
255.922
256.022
256.12
256.215
256.305
256.391
256.47
256.544
256.611
256.671
256.724
256.77
256.807
256.836
256.855
256.863
256.862
253.18
253.193
253.209
253.227
253.244
253.26
253.278
253.295
253.313
253.332
253.35
253.369
253.389
253.408
253.428
253.449
253.47
253.492
253.514
253.537
253.561
253.586
253.612
253.639
253.668
253.698
253.729
253.762
253.797
253.834
253.873
253.914
253.957
254.002
254.05
254.1
254.152
254.207
254.265
254.326
254.389
254.455
254.525
254.597
254.673
254.752
254.834
254.919
255.007
255.098
255.191
255.288
255.386
255.485
255.586
255.688
255.79
255.891
255.99
256.088
256.182
256.273
256.359
256.44
256.515
256.584
256.646
256.7
256.747
256.786
256.815
256.835
256.844
256.846
253.479
253.491
253.505
253.519
253.534
253.548
253.563
253.578
253.593
253.609
253.625
253.641
253.657
253.674
253.691
253.709
253.727
253.745
253.765
253.785
253.805
253.827
253.85
253.873
253.898
253.925
253.952
253.981
254.012
254.044
254.079
254.115
254.153
254.193
254.235
254.279
254.325
254.374
254.425
254.479
254.535
254.594
254.656
254.72
254.788
254.859
254.932
255.009
255.089
255.172
255.258
255.346
255.437
255.529
255.623
255.718
255.814
255.909
256.004
256.096
256.186
256.273
256.356
256.434
256.507
256.574
256.634
256.687
256.733
256.77
256.799
256.818
256.826
256.829
258.328
259.189
259.949
260.603
261.158
261.624
262.011
262.331
262.592
262.804
262.976
263.113
263.221
263.305
263.37
263.419
263.454
263.478
263.494
263.502
263.505
263.503
263.498
263.491
263.482
263.471
263.46
263.448
263.436
263.424
263.412
263.4
263.389
263.379
263.368
263.359
263.349
263.341
263.332
263.324
263.317
258.321
259.159
259.903
260.545
261.093
261.557
261.945
262.27
262.538
262.759
262.94
263.088
263.207
263.302
263.378
263.438
263.484
263.519
263.545
263.563
263.575
263.582
263.585
263.585
263.582
263.577
263.571
263.563
263.554
263.545
263.535
263.524
263.514
263.503
263.493
263.482
263.471
263.461
263.45
263.44
263.43
258.318
259.142
259.879
260.515
261.061
261.526
261.921
262.253
262.531
262.763
262.956
263.114
263.245
263.351
263.436
263.505
263.559
263.6
263.632
263.655
263.671
263.68
263.685
263.686
263.684
263.68
263.673
263.665
263.656
263.645
263.634
263.623
263.611
263.599
263.586
263.574
263.562
263.549
263.536
263.524
263.511
258.322
259.145
259.885
260.523
261.073
261.544
261.946
262.287
262.575
262.817
263.02
263.19
263.33
263.446
263.541
263.619
263.681
263.73
263.769
263.798
263.82
263.834
263.844
263.848
263.849
263.847
263.842
263.836
263.827
263.817
263.806
263.794
263.782
263.768
263.755
263.741
263.727
263.712
263.698
263.683
263.668
258.33
259.16
259.908
260.552
261.109
261.588
262
262.351
262.65
262.904
263.118
263.3
263.452
263.579
263.684
263.772
263.843
263.9
263.946
263.981
264.007
264.025
264.037
264.044
264.046
264.044
264.039
264.032
264.023
264.012
263.999
263.985
263.971
263.955
263.94
263.923
263.906
263.889
263.872
263.854
263.837
258.341
259.182
259.943
260.597
261.164
261.654
262.078
262.442
262.755
263.022
263.251
263.446
263.612
263.751
263.868
263.966
264.047
264.113
264.166
264.207
264.238
264.261
264.276
264.285
264.288
264.287
264.283
264.275
264.265
264.253
264.239
264.224
264.207
264.19
264.171
264.152
264.133
264.113
264.093
264.072
264.052
258.356
259.214
259.993
260.661
261.241
261.747
262.186
262.566
262.894
263.178
263.423
263.633
263.813
263.966
264.096
264.205
264.296
264.37
264.431
264.479
264.515
264.541
264.559
264.57
264.574
264.574
264.568
264.56
264.548
264.534
264.518
264.5
264.48
264.46
264.438
264.416
264.393
264.37
264.346
264.321
264.298
258.375
259.257
260.059
260.746
261.345
261.868
262.325
262.723
263.07
263.371
263.633
263.86
264.056
264.224
264.367
264.488
264.59
264.675
264.743
264.798
264.84
264.87
264.89
264.902
264.907
264.906
264.9
264.89
264.876
264.86
264.84
264.819
264.797
264.773
264.748
264.722
264.695
264.668
264.64
264.612
264.584
258.401
259.311
260.143
260.852
261.473
262.019
262.496
262.915
263.282
263.604
263.885
264.13
264.343
264.527
264.685
264.82
264.934
265.029
265.106
265.168
265.215
265.248
265.271
265.284
265.29
265.288
265.28
265.268
265.251
265.231
265.209
265.184
265.157
265.129
265.099
265.069
265.037
265.005
264.973
264.94
264.908
258.432
259.379
260.244
260.982
261.629
262.199
262.701
263.143
263.534
263.877
264.18
264.446
264.678
264.879
265.054
265.203
265.33
265.436
265.522
265.591
265.644
265.681
265.706
265.72
265.725
265.722
265.712
265.697
265.677
265.653
265.626
265.596
265.565
265.531
265.496
265.46
265.424
265.386
265.348
265.309
265.272
258.471
259.459
260.365
261.136
261.813
262.412
262.942
263.411
263.827
264.196
264.522
264.81
265.063
265.284
265.476
265.641
265.782
265.9
265.996
266.073
266.132
266.172
266.199
266.214
266.218
266.213
266.2
266.181
266.156
266.127
266.095
266.059
266.022
265.982
265.941
265.898
265.855
265.811
265.766
265.721
265.678
258.518
259.556
260.508
261.316
262.029
262.661
263.222
263.721
264.166
264.562
264.915
265.228
265.504
265.746
265.958
266.14
266.296
266.426
266.534
266.619
266.683
266.727
266.756
266.77
266.772
266.764
266.747
266.723
266.693
266.658
266.619
266.576
266.531
266.484
266.435
266.385
266.334
266.282
266.23
266.177
266.127
258.576
259.669
260.674
261.526
262.279
262.948
263.545
264.077
264.555
264.982
265.364
265.704
266.005
266.271
266.504
266.705
266.877
267.022
267.14
267.234
267.305
267.352
267.381
267.395
267.394
267.382
267.36
267.329
267.292
267.249
267.202
267.151
267.097
267.041
266.983
266.924
266.864
266.803
266.742
266.68
266.622
258.645
259.802
260.867
261.769
262.567
263.279
263.915
264.485
264.999
265.46
265.874
266.244
266.574
266.866
267.122
267.344
267.534
267.693
267.824
267.927
268.003
268.053
268.082
268.094
268.089
268.071
268.042
268.004
267.957
267.905
267.848
267.787
267.722
267.655
267.586
267.516
267.445
267.374
267.303
267.232
267.163
258.729
259.958
261.091
262.048
262.897
263.657
264.338
264.951
265.504
266.004
266.454
266.858
267.219
267.539
267.82
268.065
268.275
268.45
268.593
268.705
268.787
268.839
268.867
268.875
268.865
268.839
268.801
268.752
268.694
268.63
268.561
268.487
268.409
268.329
268.248
268.165
268.081
267.998
267.915
267.831
267.752
258.829
260.139
261.348
262.369
263.276
264.09
264.821
265.481
266.079
266.622
267.112
267.553
267.948
268.3
268.61
268.879
269.11
269.303
269.459
269.58
269.667
269.719
269.745
269.747
269.728
269.692
269.642
269.579
269.508
269.429
269.344
269.255
269.162
269.066
268.969
268.871
268.773
268.674
268.577
268.48
268.387
258.949
260.351
261.646
262.738
263.71
264.584
265.371
266.085
266.734
267.323
267.858
268.341
268.775
269.162
269.502
269.799
270.052
270.263
270.433
270.563
270.653
270.705
270.725
270.718
270.688
270.638
270.572
270.493
270.403
270.306
270.202
270.093
269.981
269.867
269.751
269.635
269.519
269.403
269.289
269.176
269.067
259.094
260.599
261.989
263.162
264.207
265.149
266
266.773
267.479
268.122
268.707
269.236
269.713
270.138
270.513
270.839
271.117
271.347
271.531
271.668
271.761
271.808
271.819
271.8
271.754
271.685
271.598
271.497
271.385
271.265
271.137
271.005
270.87
270.733
270.595
270.456
270.319
270.183
270.049
269.916
269.789
259.268
260.889
262.387
263.65
264.778
265.796
266.719
267.56
268.329
269.032
269.673
270.255
270.78
271.248
271.661
272.019
272.323
272.573
272.77
272.913
273.004
273.043
273.041
273.003
272.935
272.842
272.728
272.599
272.458
272.308
272.152
271.991
271.827
271.662
271.497
271.333
271.17
271.01
270.852
270.697
270.549
259.478
261.229
262.848
264.214
265.435
266.539
267.543
268.46
269.301
270.073
270.777
271.418
271.996
272.513
272.967
273.36
273.692
273.962
274.17
274.317
274.402
274.427
274.404
274.341
274.243
274.117
273.968
273.803
273.625
273.438
273.246
273.049
272.851
272.652
272.455
272.259
272.067
271.878
271.692
271.511
271.338
259.731
261.628
263.384
264.866
266.193
267.396
268.491
269.495
270.418
271.267
272.044
272.751
273.39
273.959
274.46
274.89
275.251
275.541
275.758
275.903
275.976
275.979
275.926
275.826
275.687
275.517
275.322
275.11
274.886
274.653
274.415
274.175
273.935
273.695
273.459
273.226
272.999
272.776
272.559
272.347
272.146
260.037
262.101
264.011
265.624
267.071
268.386
269.587
270.69
271.707
272.644
273.503
274.286
274.993
275.622
276.173
276.644
277.034
277.341
277.562
277.698
277.749
277.718
277.621
277.471
277.277
277.048
276.794
276.521
276.238
275.947
275.653
275.359
275.067
274.779
274.496
274.22
273.95
273.689
273.435
273.189
272.955
260.408
262.661
264.747
266.511
268.095
269.539
270.86
272.077
273.202
274.241
275.194
276.063
276.847
277.544
278.15
278.663
279.081
279.401
279.619
279.735
279.749
279.666
279.507
279.287
279.018
278.712
278.379
278.029
277.67
277.307
276.943
276.583
276.229
275.882
275.544
275.217
274.9
274.593
274.297
274.012
273.742
260.861
263.33
265.616
267.553
269.296
270.888
272.348
273.698
274.948
276.104
277.167
278.135
279.007
279.778
280.443
280.999
281.442
281.768
281.971
282.05
282.006
281.846
281.599
281.282
280.912
280.503
280.068
279.618
279.164
278.709
278.26
277.82
277.391
276.975
276.574
276.187
275.816
275.459
275.117
274.789
274.48
261.416
264.134
266.65
268.788
270.715
272.479
274.102
275.606
277.003
278.297
279.487
280.569
281.54
282.394
283.122
283.719
284.18
284.497
284.665
284.681
284.548
284.277
283.905
283.456
282.95
282.405
281.837
281.261
280.686
280.119
279.566
279.03
278.513
278.016
277.542
277.089
276.657
276.246
275.853
275.48
275.13
262.099
265.108
267.891
270.262
272.405
274.372
276.188
277.875
279.445
280.901
282.238
283.453
284.537
285.481
286.272
286.905
287.369
287.656
287.757
287.672
287.403
286.971
286.426
285.796
285.108
284.385
283.646
282.909
282.185
281.481
280.803
280.153
279.535
278.947
278.391
277.866
277.37
276.902
276.459
276.041
275.651
262.949
266.296
269.392
272.04
274.439
276.648
278.693
280.599
282.376
284.025
285.538
286.905
288.117
289.156
290.007
290.659
291.101
291.319
291.306
291.06
290.589
289.927
289.139
288.265
287.337
286.384
285.429
284.492
283.585
282.717
281.891
281.112
280.379
279.692
279.049
278.45
277.891
277.367
276.878
276.419
275.996
264.013
267.764
271.231
274.211
276.918
279.418
281.743
283.914
285.942
287.822
289.542
291.087
292.437
293.571
294.466
295.108
295.48
295.567
295.363
294.869
294.101
293.112
291.994
290.794
289.554
288.308
287.084
285.903
284.779
283.718
282.725
281.801
280.946
280.155
279.426
278.756
278.14
277.571
277.045
276.559
276.114
265.361
269.599
273.514
276.898
279.982
282.842
285.511
288.01
290.345
292.507
294.473
296.217
297.714
298.928
299.831
300.401
300.621
300.475
299.961
299.09
297.89
296.447
294.885
293.26
291.625
290.017
288.468
286.999
285.622
284.345
283.168
282.091
281.11
280.22
279.414
278.687
278.031
277.437
276.896
276.403
275.96
267.09
271.929
276.395
280.283
283.84
287.152
290.254
293.165
295.883
298.387
300.641
302.604
304.234
305.484
306.313
306.699
306.625
306.081
305.076
303.643
301.83
299.772
297.63
295.472
293.352
291.313
289.386
287.59
285.934
284.422
283.054
281.826
280.729
279.756
278.895
278.139
277.474
276.888
276.368
275.907
275.501
269.346
274.945
280.11
284.641
288.808
292.704
296.366
299.806
303.006
305.927
308.506
310.681
312.388
313.561
314.152
314.145
313.535
312.33
310.57
308.322
305.669
302.81
299.949
297.151
294.47
291.944
289.599
287.45
285.5
283.75
282.196
280.831
279.642
278.616
277.74
277
276.378
275.855
275.415
275.043
274.731
272.319
278.895
284.972
290.349
295.321
299.989
304.388
308.511
312.313
315.719
318.626
320.935
322.554
323.402
323.439
322.675
321.142
318.896
316.031
312.669
308.938
305.112
301.427
297.926
294.646
291.613
288.844
286.341
284.105
282.131
280.413
278.941
277.7
276.672
275.839
275.183
274.678
274.3
274.024
273.827
273.69
276.17
283.959
291.206
297.673
303.687
309.353
314.69
319.655
324.149
328.034
331.144
333.336
334.495
334.553
333.514
331.464
328.516
324.81
320.52
315.831
310.912
306.094
301.614
297.462
293.642
290.158
287.013
284.2
281.714
279.552
277.708
276.173
274.931
273.961
273.243
272.753
272.459
272.327
272.323
272.41
272.553
280.884
290.137
298.808
306.608
313.903
320.787
327.24
333.146
338.311
342.499
345.467
347.04
347.129
345.737
342.995
339.125
334.361
328.949
323.144
317.173
311.206
305.584
300.501
295.869
291.652
287.831
284.395
281.332
278.641
276.328
274.392
272.829
271.623
270.757
270.21
269.955
269.953
270.163
270.535
271.019
271.549
286.492
297.54
307.967
317.415
326.291
334.645
342.375
349.226
354.85
358.886
361.036
361.176
359.342
355.732
350.689
344.614
337.866
330.779
323.644
316.675
309.982
303.861
298.424
293.51
289.042
284.983
281.32
278.045
275.172
272.723
270.709
269.132
267.981
267.245
266.906
266.935
267.293
267.93
268.784
269.782
270.816
293.049
306.32
318.933
330.433
341.249
351.337
360.413
367.987
373.503
376.503
376.766
374.394
369.723
363.259
355.598
347.284
338.74
330.317
322.275
314.74
307.714
301.403
295.839
290.8
286.186
281.951
278.087
274.605
271.547
268.96
266.868
265.275
264.179
263.577
263.457
263.798
264.561
265.695
267.128
268.763
270.435
300.629
316.677
332.03
346.089
359.254
371.268
381.507
389.133
393.408
393.977
390.988
385.033
376.889
367.382
357.267
347.104
337.264
328.045
319.613
311.954
304.934
298.668
293.13
288.067
283.364
278.975
274.905
271.198
267.942
265.211
263.034
261.417
260.364
259.883
259.975
260.628
261.812
263.489
265.579
267.978
270.434
309.29
328.854
347.664
364.899
380.8
394.677
405.35
411.621
412.855
409.262
401.774
391.647
380.041
367.923
355.988
344.642
334.131
324.677
316.317
308.867
302.071
295.987
290.557
285.517
280.746
276.2
271.9
267.941
264.474
261.599
259.335
257.682
256.656
256.274
256.552
257.493
259.086
261.319
264.114
267.397
270.789
319.06
343.126
366.32
387.427
406.253
421.324
430.774
433.399
429.389
420.162
407.671
393.669
379.366
365.545
352.623
340.765
330.125
320.881
312.913
305.859
299.39
293.542
288.251
283.251
278.415
273.698
269.134
264.895
261.218
258.21
255.861
254.164
253.145
252.837
253.265
254.454
256.414
259.183
262.687
266.965
271.417
329.931
359.847
388.587
414.214
435.561
450.031
455.412
451.559
440.517
425.262
408.438
391.716
375.906
361.365
348.16
336.267
325.872
317.135
309.729
303.135
297.013
291.409
286.258
281.298
276.395
271.492
266.627
262.09
258.22
255.1
252.671
250.923
249.898
249.637
250.176
251.564
253.832
257.088
261.253
266.614
272.174
341.883
379.47
415.163
445.533
467.745
478.246
475.892
463.257
444.867
424.698
405.154
387.19
370.979
356.44
343.363
331.686
321.768
313.712
306.919
300.767
294.971
289.595
284.574
279.649
274.679
269.576
264.375
259.537
255.506
252.299
249.796
247.994
246.951
246.714
247.328
248.864
251.375
255.049
259.78
266.278
272.871
354.802
402.642
446.741
480.903
500.297
502.144
488.897
467.088
442.968
420.047
399.565
381.55
365.645
351.474
338.676
327.32
318.032
310.735
304.521
298.758
293.25
288.077
283.17
278.277
273.241
267.93
262.363
257.238
253.088
249.815
247.243
245.39
244.323
244.091
244.748
246.387
249.078
253.088
258.265
265.882
273.307
368.551
430.25
483.576
518.292
529.098
517.828
492.848
463.948
436.911
413.381
393.221
375.809
360.519
346.824
334.307
323.315
314.763
308.226
302.513
297.077
291.818
286.819
282.01
277.146
272.051
266.527
260.571
255.191
250.965
247.643
245.008
243.105
242.012
241.773
242.451
244.158
246.977
251.236
256.739
265.361
273.32
382.882
463.347
524.828
553.772
549.672
523.264
488.821
456.411
429.09
406.298
387.043
370.467
355.865
342.626
330.332
319.735
311.987
306.155
300.849
295.68
290.633
285.781
281.056
276.219
271.073
265.334
258.981
253.387
249.123
245.764
243.073
241.125
240.002
239.747
240.431
242.178
245.085
249.514
255.241
264.649
272.84
397.591
502.68
567.472
582.06
559.03
519.301
479.738
447.182
421.149
399.625
381.43
365.719
351.781
338.924
326.784
316.611
309.689
304.467
299.483
294.537
289.665
284.933
280.278
275.467
270.281
264.332
257.585
251.824
247.55
244.162
241.428
239.446
238.297
238.025
238.709
240.482
243.452
247.987
253.866
263.745
271.977
412.281
547.362
605.972
598.485
557.148
509.151
468.849
438.13
413.858
393.644
376.476
361.576
348.231
335.664
323.623
313.91
307.791
303.048
298.319
293.569
288.851
284.223
279.629
274.844
269.626
263.476
256.361
250.488
246.216
242.793
240.015
238.002
236.829
236.539
237.219
239.006
242.021
246.62
252.601
262.577
270.871
423.888
596.603
636.386
602.28
547.064
497
459.212
431
408.263
389.12
372.798
358.534
345.619
333.178
321.139
311.909
306.558
302.138
297.536
292.897
288.272
283.719
279.169
274.403
269.156
262.811
255.356
249.441
245.225
241.798
238.999
236.971
235.786
235.487
236.169
237.973
241.017
245.651
251.708
261.416
269.512
436.338
640.118
650.461
591.026
525.128
476.717
444.01
419.818
399.576
382.183
367.188
353.934
341.737
329.614
317.674
309.013
304.598
300.713
296.398
291.958
287.479
283.018
278.538
273.814
268.568
262.061
254.255
248.227
244.022
240.589
237.776
235.736
234.542
234.237
234.923
236.751
239.843
244.512
250.743
260.266
267.9
263.31
263.306
263.301
263.297
263.292
263.287
263.282
263.277
263.272
263.266
263.26
263.253
263.246
263.239
263.231
263.222
263.213
263.203
263.192
263.18
263.168
263.155
263.141
263.126
263.11
263.093
263.075
263.056
263.035
263.013
262.99
262.965
262.938
262.91
262.879
262.846
262.811
262.773
262.732
262.688
262.641
262.59
262.536
262.478
262.416
262.35
262.279
262.204
262.125
262.041
261.952
261.859
261.761
261.66
261.554
261.444
261.331
261.215
261.096
260.975
260.853
260.731
260.608
260.487
260.369
260.253
260.141
260.034
259.933
259.839
259.753
259.673
259.606
259.528
263.42
263.414
263.406
263.397
263.389
263.38
263.372
263.363
263.354
263.346
263.336
263.327
263.317
263.307
263.296
263.285
263.273
263.261
263.248
263.234
263.219
263.204
263.188
263.17
263.152
263.133
263.113
263.091
263.068
263.044
263.018
262.991
262.962
262.931
262.898
262.863
262.825
262.784
262.74
262.694
262.643
262.59
262.533
262.471
262.406
262.337
262.263
262.185
262.103
262.017
261.926
261.831
261.732
261.629
261.522
261.412
261.299
261.183
261.065
260.946
260.826
260.705
260.585
260.467
260.351
260.237
260.128
260.024
259.925
259.832
259.748
259.668
259.608
259.517
263.499
263.491
263.482
263.471
263.462
263.452
263.442
263.432
263.422
263.412
263.401
263.391
263.38
263.368
263.357
263.345
263.332
263.318
263.304
263.29
263.274
263.258
263.24
263.222
263.203
263.182
263.161
263.138
263.114
263.088
263.061
263.032
263.001
262.968
262.933
262.896
262.855
262.812
262.766
262.716
262.663
262.607
262.546
262.482
262.414
262.341
262.264
262.183
262.098
262.009
261.915
261.818
261.716
261.611
261.503
261.392
261.278
261.161
261.043
260.924
260.804
260.684
260.565
260.447
260.332
260.219
260.111
260.007
259.909
259.817
259.734
259.654
259.595
259.501
263.653
263.644
263.634
263.622
263.611
263.6
263.588
263.577
263.565
263.554
263.542
263.53
263.517
263.504
263.491
263.477
263.463
263.448
263.432
263.415
263.398
263.379
263.36
263.339
263.317
263.294
263.27
263.244
263.217
263.188
263.157
263.125
263.09
263.053
263.013
262.971
262.926
262.877
262.826
262.771
262.712
262.649
262.583
262.512
262.438
262.359
262.276
262.189
262.097
262.002
261.903
261.801
261.695
261.585
261.473
261.359
261.242
261.124
261.004
260.884
260.764
260.644
260.526
260.409
260.295
260.185
260.078
259.977
259.881
259.791
259.709
259.632
259.572
259.492
263.819
263.81
263.798
263.785
263.773
263.761
263.749
263.736
263.723
263.711
263.698
263.684
263.67
263.656
263.642
263.626
263.61
263.594
263.576
263.557
263.538
263.517
263.495
263.472
263.448
263.422
263.395
263.366
263.335
263.303
263.268
263.231
263.192
263.15
263.105
263.057
263.006
262.952
262.894
262.832
262.766
262.697
262.623
262.545
262.463
262.377
262.287
262.192
262.094
261.993
261.887
261.779
261.668
261.554
261.438
261.319
261.2
261.079
260.958
260.837
260.716
260.597
260.479
260.364
260.252
260.143
260.039
259.939
259.846
259.758
259.679
259.605
259.544
259.484
264.032
264.021
264.009
263.996
263.983
263.97
263.956
263.943
263.929
263.915
263.901
263.886
263.871
263.855
263.838
263.821
263.803
263.784
263.764
263.743
263.721
263.697
263.672
263.646
263.618
263.588
263.557
263.523
263.488
263.45
263.41
263.367
263.321
263.273
263.221
263.166
263.107
263.045
262.978
262.908
262.833
262.755
262.672
262.585
262.494
262.399
262.3
262.197
262.091
261.981
261.869
261.754
261.636
261.517
261.396
261.273
261.151
261.027
260.905
260.782
260.661
260.542
260.425
260.311
260.201
260.094
259.992
259.896
259.805
259.72
259.643
259.574
259.513
259.471
264.275
264.264
264.251
264.237
264.223
264.209
264.194
264.18
264.165
264.149
264.133
264.117
264.1
264.082
264.064
264.044
264.024
264.002
263.979
263.955
263.929
263.902
263.873
263.843
263.811
263.776
263.74
263.701
263.659
263.615
263.568
263.518
263.465
263.409
263.348
263.284
263.216
263.144
263.068
262.988
262.903
262.814
262.721
262.624
262.522
262.417
262.308
262.196
262.081
261.963
261.843
261.72
261.597
261.471
261.346
261.219
261.093
260.968
260.843
260.72
260.599
260.481
260.365
260.253
260.144
260.04
259.941
259.847
259.759
259.678
259.603
259.538
259.479
259.449
264.558
264.546
264.533
264.518
264.503
264.487
264.472
264.456
264.439
264.422
264.404
264.386
264.367
264.347
264.325
264.303
264.279
264.255
264.228
264.2
264.17
264.138
264.105
264.069
264.031
263.99
263.947
263.901
263.853
263.801
263.745
263.687
263.624
263.558
263.487
263.413
263.334
263.251
263.163
263.071
262.974
262.873
262.768
262.659
262.546
262.43
262.311
262.189
262.064
261.937
261.809
261.679
261.548
261.418
261.287
261.157
261.028
260.901
260.775
260.652
260.531
260.414
260.299
260.189
260.083
259.982
259.885
259.794
259.709
259.631
259.56
259.498
259.442
259.418
264.878
264.866
264.852
264.836
264.819
264.802
264.785
264.768
264.749
264.73
264.71
264.689
264.667
264.644
264.619
264.593
264.566
264.537
264.506
264.473
264.437
264.4
264.36
264.318
264.273
264.225
264.173
264.119
264.061
264
263.934
263.865
263.791
263.714
263.631
263.544
263.453
263.356
263.256
263.15
263.041
262.927
262.809
262.687
262.562
262.434
262.304
262.171
262.036
261.901
261.764
261.627
261.491
261.355
261.22
261.087
260.955
260.827
260.7
260.577
260.458
260.342
260.23
260.122
260.018
259.92
259.827
259.739
259.657
259.582
259.514
259.456
259.402
259.382
265.238
265.225
265.21
265.193
265.175
265.156
265.137
265.117
265.097
265.075
265.052
265.028
265.002
264.975
264.947
264.916
264.884
264.849
264.812
264.773
264.731
264.686
264.639
264.588
264.535
264.477
264.416
264.352
264.283
264.21
264.132
264.051
263.964
263.873
263.776
263.675
263.569
263.459
263.343
263.223
263.099
262.971
262.84
262.705
262.567
262.427
262.285
262.142
261.997
261.853
261.709
261.565
261.423
261.282
261.144
261.008
260.876
260.746
260.62
260.498
260.38
260.266
260.156
260.051
259.951
259.856
259.766
259.682
259.603
259.532
259.467
259.411
259.36
259.343
265.639
265.625
265.609
265.59
265.57
265.549
265.528
265.505
265.481
265.456
265.429
265.401
265.371
265.339
265.305
265.269
265.23
265.189
265.144
265.098
265.047
264.994
264.937
264.877
264.812
264.744
264.671
264.594
264.512
264.426
264.334
264.238
264.136
264.029
263.918
263.801
263.679
263.552
263.421
263.285
263.146
263.003
262.857
262.708
262.558
262.405
262.252
262.099
261.945
261.793
261.642
261.492
261.345
261.201
261.06
260.923
260.79
260.66
260.535
260.415
260.299
260.187
260.081
259.979
259.882
259.79
259.704
259.623
259.548
259.48
259.418
259.365
259.316
259.302
266.084
266.067
266.05
266.029
266.006
265.982
265.958
265.931
265.903
265.874
265.842
265.808
265.772
265.734
265.693
265.65
265.603
265.553
265.5
265.444
265.384
265.32
265.252
265.179
265.102
265.021
264.934
264.842
264.745
264.643
264.535
264.422
264.303
264.179
264.05
263.915
263.776
263.632
263.484
263.332
263.176
263.018
262.858
262.695
262.532
262.368
262.204
262.041
261.88
261.72
261.563
261.409
261.258
261.111
260.969
260.831
260.698
260.57
260.447
260.328
260.215
260.107
260.003
259.905
259.812
259.724
259.641
259.564
259.493
259.428
259.368
259.319
259.272
259.26
266.572
266.553
266.534
266.51
266.483
266.456
266.427
266.396
266.362
266.327
266.289
266.248
266.205
266.159
266.109
266.057
266
265.941
265.877
265.809
265.736
265.659
265.577
265.491
265.399
265.301
265.198
265.09
264.975
264.855
264.729
264.597
264.46
264.316
264.168
264.015
263.857
263.695
263.529
263.36
263.188
263.015
262.84
262.664
262.489
262.314
262.14
261.969
261.8
261.634
261.472
261.315
261.162
261.014
260.871
260.734
260.602
260.476
260.355
260.24
260.13
260.025
259.925
259.831
259.741
259.657
259.578
259.505
259.437
259.375
259.319
259.272
259.227
259.217
267.107
267.084
267.062
267.033
267.002
266.969
266.934
266.897
266.857
266.814
266.768
266.719
266.667
266.61
266.551
266.487
266.418
266.346
266.269
266.187
266.099
266.007
265.909
265.805
265.696
265.58
265.458
265.33
265.196
265.056
264.909
264.757
264.599
264.435
264.267
264.094
263.917
263.736
263.552
263.366
263.179
262.99
262.802
262.614
262.427
262.242
262.06
261.882
261.707
261.537
261.372
261.212
261.058
260.91
260.768
260.632
260.503
260.379
260.261
260.15
260.043
259.942
259.847
259.757
259.671
259.591
259.516
259.446
259.382
259.323
259.27
259.225
259.182
259.175
267.687
267.66
267.633
267.599
267.561
267.521
267.479
267.434
267.385
267.333
267.277
267.217
267.153
267.085
267.012
266.934
266.852
266.764
266.671
266.572
266.467
266.356
266.239
266.116
265.986
265.849
265.706
265.556
265.4
265.238
265.069
264.895
264.715
264.53
264.341
264.148
263.951
263.752
263.551
263.348
263.146
262.944
262.742
262.543
262.347
262.154
261.965
261.781
261.602
261.428
261.262
261.101
260.947
260.801
260.661
260.527
260.401
260.281
260.167
260.059
259.957
259.86
259.769
259.683
259.602
259.526
259.455
259.389
259.327
259.272
259.221
259.179
259.138
259.132
268.312
268.279
268.246
268.204
268.158
268.11
268.058
268.003
267.943
267.879
267.811
267.737
267.659
267.576
267.488
267.393
267.293
267.187
267.075
266.956
266.831
266.699
266.56
266.414
266.261
266.101
265.935
265.761
265.581
265.395
265.203
265.005
264.803
264.596
264.386
264.173
263.957
263.74
263.523
263.305
263.089
262.874
262.662
262.453
262.249
262.049
261.855
261.667
261.485
261.311
261.144
260.984
260.832
260.687
260.55
260.42
260.298
260.182
260.072
259.968
259.871
259.779
259.692
259.61
259.534
259.462
259.394
259.332
259.274
259.222
259.174
259.134
259.094
259.091
268.981
268.939
268.897
268.846
268.79
268.73
268.666
268.598
268.525
268.446
268.363
268.273
268.178
268.077
267.97
267.856
267.735
267.608
267.473
267.332
267.183
267.027
266.863
266.692
266.514
266.328
266.136
265.937
265.731
265.52
265.304
265.083
264.858
264.63
264.399
264.166
263.933
263.699
263.467
263.235
263.007
262.782
262.56
262.344
262.134
261.929
261.732
261.542
261.36
261.185
261.019
260.862
260.712
260.571
260.438
260.312
260.194
260.082
259.977
259.879
259.786
259.699
259.616
259.539
259.467
259.399
259.336
259.277
259.222
259.173
259.127
259.09
259.051
259.05
269.689
269.637
269.584
269.52
269.45
269.377
269.298
269.214
269.124
269.028
268.926
268.817
268.701
268.579
268.449
268.312
268.167
268.015
267.855
267.688
267.512
267.329
267.138
266.939
266.734
266.521
266.301
266.076
265.844
265.608
265.367
265.123
264.876
264.627
264.377
264.127
263.877
263.629
263.383
263.14
262.902
262.668
262.44
262.218
262.004
261.797
261.598
261.408
261.226
261.054
260.89
260.736
260.59
260.453
260.325
260.204
260.09
259.984
259.884
259.79
259.702
259.62
259.543
259.47
259.402
259.339
259.279
259.224
259.172
259.126
259.082
259.047
259.009
259.01
270.432
270.366
270.299
270.22
270.133
270.042
269.945
269.842
269.731
269.614
269.489
269.357
269.217
269.07
268.914
268.75
268.578
268.398
268.21
268.013
267.808
267.595
267.375
267.147
266.912
266.671
266.424
266.171
265.914
265.653
265.389
265.122
264.855
264.587
264.319
264.053
263.789
263.529
263.272
263.02
262.774
262.535
262.302
262.077
261.861
261.653
261.455
261.266
261.087
260.918
260.758
260.608
260.467
260.335
260.211
260.096
259.988
259.887
259.792
259.704
259.621
259.544
259.471
259.403
259.34
259.28
259.224
259.172
259.124
259.08
259.038
259.005
258.968
258.971
271.202
271.119
271.033
270.935
270.828
270.715
270.596
270.469
270.334
270.191
270.041
269.881
269.713
269.537
269.352
269.158
268.955
268.744
268.524
268.296
268.06
267.816
267.565
267.307
267.042
266.772
266.497
266.218
265.936
265.651
265.365
265.079
264.793
264.508
264.226
263.946
263.671
263.401
263.136
262.878
262.627
262.384
262.149
261.924
261.707
261.501
261.305
261.119
260.944
260.779
260.624
260.479
260.343
260.217
260.099
259.989
259.887
259.792
259.703
259.62
259.542
259.47
259.402
259.339
259.279
259.224
259.172
259.123
259.077
259.036
258.996
258.964
258.928
258.933
271.986
271.882
271.774
271.652
271.52
271.382
271.236
271.082
270.918
270.746
270.565
270.374
270.175
269.966
269.748
269.521
269.285
269.04
268.787
268.526
268.257
267.981
267.698
267.409
267.116
266.818
266.516
266.212
265.907
265.601
265.296
264.992
264.69
264.392
264.098
263.809
263.526
263.248
262.979
262.717
262.463
262.219
261.984
261.759
261.545
261.342
261.149
260.968
260.798
260.638
260.489
260.35
260.221
260.101
259.989
259.885
259.789
259.699
259.616
259.538
259.466
259.399
259.336
259.277
259.222
259.17
259.121
259.076
259.033
258.993
258.955
258.925
258.89
258.897
272.768
272.638
272.503
272.353
272.192
272.024
271.847
271.661
271.465
271.259
271.044
270.819
270.585
270.341
270.088
269.826
269.554
269.275
268.987
268.692
268.39
268.082
267.768
267.45
267.128
266.804
266.478
266.152
265.826
265.502
265.181
264.863
264.55
264.241
263.939
263.643
263.355
263.074
262.802
262.539
262.285
262.042
261.809
261.587
261.377
261.178
260.991
260.815
260.651
260.498
260.355
260.223
260.101
259.987
259.881
259.784
259.693
259.609
259.532
259.46
259.393
259.33
259.272
259.218
259.167
259.119
259.073
259.03
258.99
258.952
258.916
258.888
258.852
258.861
273.526
273.365
273.197
273.014
272.821
272.618
272.407
272.185
271.953
271.712
271.46
271.198
270.927
270.647
270.357
270.058
269.751
269.437
269.114
268.786
268.452
268.112
267.769
267.424
267.076
266.728
266.381
266.036
265.694
265.356
265.022
264.695
264.373
264.059
263.752
263.453
263.163
262.881
262.609
262.347
262.096
261.856
261.627
261.409
261.204
261.011
260.83
260.662
260.505
260.359
260.224
260.098
259.983
259.876
259.777
259.685
259.601
259.523
259.451
259.384
259.322
259.265
259.211
259.161
259.114
259.07
259.027
258.987
258.949
258.913
258.879
258.851
258.816
258.827
274.229
274.033
273.829
273.609
273.379
273.14
272.891
272.632
272.362
272.083
271.793
271.495
271.186
270.869
270.543
270.209
269.867
269.518
269.163
268.802
268.437
268.069
267.7
267.329
266.959
266.592
266.227
265.867
265.513
265.165
264.824
264.491
264.166
263.849
263.541
263.242
262.953
262.674
262.404
262.146
261.899
261.663
261.44
261.228
261.03
260.844
260.67
260.509
260.36
260.222
260.094
259.977
259.868
259.768
259.676
259.59
259.512
259.44
259.374
259.312
259.256
259.203
259.154
259.108
259.064
259.023
258.984
258.946
258.91
258.876
258.842
258.816
258.781
258.793
274.844
274.609
274.365
274.108
273.839
273.562
273.275
272.978
272.671
272.355
272.029
271.694
271.351
270.998
270.638
270.27
269.895
269.514
269.128
268.738
268.345
267.952
267.558
267.167
266.778
266.395
266.018
265.649
265.287
264.935
264.591
264.257
263.932
263.617
263.312
263.016
262.73
262.455
262.191
261.938
261.696
261.467
261.25
261.046
260.855
260.677
260.512
260.359
260.219
260.089
259.969
259.859
259.757
259.664
259.578
259.499
259.427
259.361
259.3
259.244
259.192
259.144
259.099
259.057
259.017
258.979
258.942
258.907
258.872
258.84
258.807
258.782
258.748
258.761
275.329
275.055
274.771
274.476
274.171
273.858
273.536
273.204
272.864
272.515
272.157
271.79
271.414
271.03
270.639
270.24
269.835
269.425
269.011
268.594
268.177
267.76
267.347
266.938
266.536
266.142
265.758
265.384
265.021
264.669
264.328
263.998
263.678
263.368
263.068
262.778
262.499
262.23
261.972
261.725
261.491
261.269
261.059
260.864
260.682
260.513
260.357
260.213
260.081
259.96
259.848
259.745
259.651
259.564
259.485
259.412
259.346
259.285
259.229
259.178
259.131
259.088
259.047
259.009
258.972
258.937
258.903
258.869
258.836
258.805
258.774
258.749
258.715
258.73
275.641
275.331
275.013
274.686
274.35
274.008
273.658
273.299
272.932
272.557
272.173
271.78
271.379
270.968
270.55
270.124
269.692
269.255
268.816
268.375
267.936
267.5
267.07
266.648
266.237
265.838
265.452
265.079
264.721
264.375
264.042
263.72
263.409
263.107
262.816
262.534
262.262
262.001
261.75
261.511
261.284
261.071
260.87
260.684
260.511
260.352
260.205
260.071
259.948
259.835
259.731
259.636
259.548
259.468
259.395
259.328
259.268
259.213
259.162
259.116
259.074
259.035
258.998
258.963
258.93
258.897
258.865
258.833
258.802
258.772
258.741
258.717
258.683
258.7
275.737
275.402
275.061
274.713
274.361
274.002
273.636
273.263
272.881
272.489
272.088
271.676
271.254
270.822
270.38
269.929
269.472
269.011
268.548
268.085
267.626
267.174
266.731
266.301
265.886
265.488
265.106
264.742
264.393
264.059
263.738
263.429
263.129
262.839
262.558
262.287
262.024
261.771
261.529
261.298
261.08
260.875
260.684
260.507
260.344
260.195
260.059
259.935
259.821
259.716
259.62
259.532
259.451
259.377
259.31
259.249
259.194
259.144
259.099
259.058
259.02
258.984
258.951
258.92
258.889
258.859
258.829
258.799
258.769
258.74
258.71
258.687
258.652
258.671
275.58
275.24
274.898
274.553
274.203
273.848
273.486
273.114
272.73
272.334
271.925
271.5
271.061
270.609
270.144
269.669
269.187
268.7
268.213
267.728
267.251
266.786
266.335
265.902
265.489
265.098
264.729
264.379
264.047
263.73
263.425
263.131
262.845
262.569
262.3
262.039
261.787
261.543
261.31
261.088
260.879
260.683
260.501
260.335
260.183
260.044
259.918
259.803
259.698
259.602
259.513
259.432
259.358
259.29
259.228
259.173
259.124
259.079
259.039
259.002
258.968
258.937
258.907
258.879
258.851
258.823
258.794
258.766
258.737
258.709
258.679
258.657
258.622
258.642
275.15
274.84
274.533
274.222
273.905
273.581
273.245
272.893
272.522
272.131
271.718
271.283
270.827
270.353
269.861
269.358
268.846
268.331
267.817
267.311
266.816
266.339
265.883
265.453
265.05
264.675
264.326
263.998
263.689
263.393
263.108
262.832
262.562
262.3
262.044
261.794
261.553
261.319
261.095
260.881
260.681
260.495
260.324
260.168
260.027
259.899
259.784
259.678
259.582
259.493
259.412
259.337
259.269
259.207
259.151
259.101
259.057
259.018
258.982
258.95
258.92
258.892
258.866
258.84
258.814
258.789
258.762
258.734
258.706
258.679
258.65
258.628
258.593
258.615
274.461
274.234
274.011
273.779
273.535
273.272
272.985
272.668
272.318
271.933
271.514
271.062
270.58
270.073
269.546
269.006
268.458
267.909
267.366
266.835
266.323
265.836
265.38
264.959
264.574
264.224
263.903
263.606
263.326
263.057
262.795
262.538
262.285
262.037
261.794
261.555
261.323
261.098
260.883
260.679
260.489
260.313
260.153
260.009
259.879
259.762
259.656
259.559
259.471
259.389
259.315
259.246
259.184
259.128
259.078
259.034
258.995
258.96
258.929
258.9
258.874
258.85
258.826
258.803
258.78
258.756
258.73
258.704
258.677
258.65
258.621
258.601
258.565
258.588
273.58
273.511
273.441
273.344
273.213
273.04
272.816
272.536
272.199
271.806
271.361
270.871
270.343
269.785
269.208
268.619
268.027
267.44
266.865
266.309
265.78
265.285
264.834
264.429
264.071
263.755
263.473
263.214
262.968
262.729
262.493
262.257
262.021
261.787
261.554
261.325
261.101
260.885
260.678
260.483
260.303
260.139
259.991
259.858
259.739
259.632
259.535
259.447
259.366
259.291
259.223
259.161
259.104
259.054
259.009
258.97
258.936
258.905
258.878
258.854
258.831
258.81
258.789
258.768
258.747
258.724
258.7
258.674
258.648
258.622
258.594
258.573
258.537
258.562
272.703
272.882
273.033
273.119
273.125
273.044
272.869
272.6
272.242
271.804
271.298
270.738
270.136
269.507
268.864
268.217
267.576
266.948
266.34
265.76
265.217
264.721
264.28
263.899
263.576
263.302
263.063
262.846
262.638
262.43
262.22
262.005
261.785
261.562
261.338
261.115
260.897
260.687
260.488
260.303
260.134
259.981
259.844
259.722
259.613
259.515
259.426
259.344
259.27
259.202
259.139
259.083
259.032
258.987
258.947
258.912
258.882
258.856
258.832
258.811
258.791
258.772
258.754
258.735
258.715
258.694
258.671
258.646
258.621
258.595
258.567
258.547
258.511
258.537
272.068
272.576
272.998
273.28
273.404
273.375
273.197
272.882
272.448
271.916
271.31
270.65
269.954
269.242
268.527
267.821
267.132
266.465
265.828
265.228
264.675
264.182
263.758
263.406
263.122
262.893
262.699
262.523
262.351
262.175
261.989
261.792
261.585
261.37
261.151
260.931
260.717
260.512
260.321
260.146
259.987
259.845
259.719
259.606
259.505
259.414
259.331
259.255
259.186
259.123
259.065
259.014
258.968
258.927
258.892
258.861
258.834
258.811
258.791
258.772
258.755
258.738
258.721
258.704
258.686
258.666
258.643
258.619
258.594
258.569
258.541
258.522
258.485
258.512
271.825
272.744
273.461
273.904
274.079
274.022
273.764
273.33
272.756
272.085
271.347
270.568
269.772
268.976
268.195
267.436
266.703
266.001
265.337
264.721
264.164
263.678
263.274
262.955
262.713
262.53
262.38
262.245
262.107
261.959
261.795
261.613
261.416
261.205
260.987
260.769
260.558
260.359
260.176
260.01
259.861
259.729
259.611
259.506
259.411
259.325
259.247
259.176
259.112
259.054
259.001
258.954
258.913
258.875
258.843
258.816
258.792
258.77
258.752
258.736
258.721
258.706
258.691
258.675
258.658
258.639
258.617
258.593
258.569
258.544
258.516
258.497
258.46
258.488
272.074
273.485
274.48
274.986
275.092
274.911
274.487
273.859
273.095
272.253
271.368
270.466
269.573
268.705
267.868
267.065
266.296
265.565
264.879
264.249
263.691
263.215
262.832
262.546
262.347
262.21
262.105
262.008
261.904
261.781
261.635
261.464
261.271
261.061
260.843
260.625
260.418
260.225
260.05
259.893
259.754
259.63
259.519
259.419
259.329
259.248
259.174
259.107
259.047
258.993
258.945
258.902
258.864
258.83
258.8
258.775
258.753
258.733
258.717
258.702
258.689
258.675
258.662
258.647
258.631
258.613
258.591
258.568
258.544
258.52
258.492
258.473
258.435
258.465
272.881
274.874
276.059
276.433
276.322
275.93
275.267
274.386
273.402
272.383
271.351
270.334
269.357
268.431
267.551
266.714
265.916
265.161
264.458
263.82
263.262
262.796
262.431
262.178
262.021
261.93
261.868
261.81
261.737
261.636
261.503
261.337
261.144
260.933
260.714
260.498
260.295
260.11
259.943
259.795
259.663
259.546
259.439
259.344
259.257
259.18
259.11
259.048
258.992
258.942
258.897
258.858
258.822
258.79
258.761
258.738
258.717
258.699
258.685
258.671
258.659
258.647
258.635
258.621
258.605
258.588
258.566
258.543
258.52
258.496
258.468
258.45
258.412
258.442
274.285
276.965
278.124
278.081
277.631
276.978
276.011
274.842
273.641
272.456
271.29
270.176
269.133
268.162
267.249
266.384
265.565
264.794
264.081
263.438
262.882
262.42
262.069
261.844
261.73
261.686
261.669
261.648
261.602
261.517
261.391
261.226
261.031
260.817
260.598
260.386
260.19
260.011
259.853
259.711
259.585
259.472
259.37
259.278
259.195
259.121
259.055
258.997
258.945
258.898
258.856
258.819
258.785
258.754
258.727
258.704
258.685
258.667
258.654
258.641
258.631
258.62
258.608
258.595
258.58
258.563
258.542
258.52
258.497
258.472
258.445
258.427
258.388
258.42
276.331
279.79
280.508
279.728
278.911
277.976
276.652
275.19
273.8
272.47
271.193
270.003
268.911
267.904
266.964
266.078
265.243
264.465
263.748
263.104
262.547
262.084
261.741
261.543
261.473
261.478
261.505
261.518
261.492
261.417
261.292
261.124
260.926
260.712
260.496
260.289
260.1
259.928
259.777
259.64
259.517
259.408
259.309
259.22
259.142
259.071
259.009
258.954
258.905
258.861
258.821
258.786
258.752
258.722
258.695
258.673
258.654
258.637
258.626
258.613
258.604
258.593
258.583
258.571
258.556
258.539
258.518
258.496
258.473
258.449
258.422
258.404
258.365
258.398
279.109
283.331
282.944
281.201
280.109
278.871
277.151
275.427
273.883
272.435
271.071
269.827
268.699
267.663
266.698
265.795
264.953
264.176
263.46
262.814
262.252
261.782
261.442
261.272
261.247
261.303
261.371
261.412
261.4
261.328
261.2
261.029
260.829
260.617
260.405
260.205
260.023
259.857
259.711
259.578
259.459
259.353
259.258
259.173
259.098
259.031
258.972
258.92
258.873
258.831
258.791
258.757
258.723
258.692
258.666
258.644
258.626
258.609
258.598
258.586
258.578
258.568
258.558
258.546
258.532
258.516
258.495
258.472
258.451
258.427
258.4
258.382
258.342
258.376
282.782
287.452
285.122
282.423
281.211
279.62
277.502
275.571
273.907
272.363
270.936
269.655
268.5
267.438
266.453
265.538
264.696
263.925
263.212
262.562
261.991
261.507
261.172
261.032
261.055
261.158
261.261
261.32
261.313
261.24
261.109
260.936
260.738
260.53
260.325
260.132
259.957
259.796
259.655
259.525
259.409
259.308
259.215
259.135
259.063
259
258.943
258.893
258.847
258.805
258.766
258.731
258.697
258.666
258.639
258.616
258.599
258.582
258.572
258.56
258.552
258.543
258.534
258.522
258.508
258.492
258.472
258.449
258.428
258.404
258.378
258.36
258.32
258.355
287.574
291.85
286.789
283.422
282.207
280.198
277.724
275.646
273.889
272.268
270.798
269.491
268.311
267.227
266.226
265.308
264.473
263.711
262.998
262.339
261.755
261.258
260.93
260.822
260.89
261.032
261.159
261.23
261.224
261.149
261.017
260.846
260.652
260.451
260.254
260.068
259.9
259.744
259.607
259.48
259.369
259.272
259.183
259.106
259.038
258.977
258.922
258.873
258.827
258.785
258.744
258.709
258.673
258.641
258.613
258.591
258.574
258.556
258.547
258.534
258.527
258.519
258.51
258.498
258.484
258.469
258.448
258.426
258.405
258.381
258.355
258.338
258.298
258.334
293.663
296.09
287.847
284.279
283.074
280.601
277.845
275.671
273.841
272.163
270.661
269.332
268.13
267.027
266.018
265.104
264.278
263.525
262.807
262.139
261.541
261.032
260.713
260.632
260.737
260.912
261.056
261.134
261.128
261.054
260.923
260.758
260.57
260.379
260.19
260.011
259.85
259.699
259.567
259.445
259.339
259.246
259.162
259.088
259.022
258.962
258.907
258.858
258.811
258.768
258.726
258.689
258.652
258.619
258.59
258.566
258.55
258.531
258.522
258.509
258.502
258.494
258.485
258.473
258.46
258.445
258.424
258.402
258.382
258.358
258.333
258.316
258.276
258.313
301.02
299.701
288.383
285.057
283.773
280.849
277.898
275.661
273.772
272.051
270.524
269.173
267.952
266.837
265.828
264.922
264.107
263.358
262.634
261.959
261.349
260.824
260.506
260.448
260.589
260.792
260.948
261.031
261.026
260.954
260.827
260.67
260.492
260.31
260.13
259.961
259.807
259.663
259.537
259.42
259.32
259.231
259.15
259.079
259.014
258.954
258.899
258.848
258.8
258.754
258.71
258.672
258.632
258.598
258.567
258.543
258.526
258.506
258.498
258.483
258.477
258.469
258.46
258.448
258.435
258.421
258.4
258.378
258.358
258.335
258.31
258.293
258.253
258.292
309.335
302.307
288.609
285.782
284.28
280.967
277.898
275.619
273.683
271.928
270.379
269.009
267.774
266.656
265.655
264.761
263.954
263.207
262.477
261.801
261.173
260.619
260.299
260.268
260.448
260.675
260.836
260.92
260.915
260.847
260.727
260.581
260.413
260.244
260.076
259.916
259.773
259.636
259.518
259.406
259.312
259.226
259.148
259.079
259.013
258.952
258.896
258.843
258.792
258.744
258.698
258.657
258.614
258.579
258.546
258.519
258.502
258.48
258.473
258.456
258.451
258.443
258.434
258.422
258.41
258.396
258.375
258.353
258.334
258.312
258.287
258.271
258.231
258.272
318.097
303.702
288.678
286.437
284.607
280.985
277.848
275.536
273.563
271.785
270.22
268.839
267.601
266.491
265.502
264.619
263.818
263.07
262.341
261.666
261.007
260.416
260.098
260.105
260.321
260.562
260.721
260.802
260.797
260.734
260.623
260.489
260.334
260.18
260.025
259.878
259.745
259.617
259.507
259.402
259.313
259.231
259.154
259.086
259.019
258.957
258.898
258.842
258.788
258.737
258.688
258.644
258.598
258.56
258.525
258.496
258.479
258.455
258.447
258.43
258.424
258.417
258.407
258.396
258.383
258.37
258.35
258.327
258.31
258.287
258.264
258.248
258.208
258.251
326.721
304.172
288.593
286.89
284.744
280.902
277.73
275.404
273.416
271.631
270.063
268.683
267.45
266.351
265.373
264.497
263.698
262.952
262.229
261.551
260.85
260.222
259.919
259.971
260.214
260.456
260.606
260.68
260.673
260.615
260.513
260.393
260.254
260.115
259.976
259.843
259.722
259.605
259.503
259.404
259.321
259.241
259.167
259.098
259.031
258.966
258.904
258.845
258.788
258.733
258.68
258.634
258.584
258.544
258.505
258.475
258.456
258.431
258.422
258.404
258.398
258.391
258.381
258.369
258.357
258.344
258.324
258.302
258.285
258.263
258.241
258.225
258.185
258.231
333.254
304.517
288.443
286.987
284.661
280.741
277.586
275.269
273.28
271.494
269.927
268.552
267.328
266.237
265.266
264.394
263.596
262.852
262.14
261.457
260.714
260.057
259.778
259.87
260.123
260.35
260.481
260.542
260.533
260.482
260.394
260.292
260.172
260.054
259.933
259.817
259.71
259.604
259.512
259.42
259.342
259.264
259.19
259.121
259.051
258.983
258.917
258.854
258.792
258.732
258.675
258.624
258.57
258.527
258.485
258.452
258.432
258.405
258.395
258.376
258.369
258.362
258.352
258.341
258.329
258.316
258.297
258.275
258.259
258.238
258.216
258.201
258.162
258.21
)
;

boundaryField
{
    inlet
    {
        type            freestreamPressure;
        value           nonuniform List<scalar> 
230
(
253.479
253.491
253.505
253.519
253.534
253.548
253.563
253.578
253.593
253.609
253.625
253.641
253.657
253.674
253.691
253.709
253.727
253.745
253.765
253.785
253.805
253.827
253.85
253.873
253.898
253.925
253.952
253.981
254.012
254.044
254.079
254.115
254.153
254.193
254.235
254.279
254.325
254.374
254.425
254.479
254.535
254.594
254.656
254.72
254.788
254.859
254.932
255.009
255.089
255.172
255.258
255.346
255.437
255.529
255.623
255.718
255.814
255.909
256.004
256.096
256.186
256.273
256.356
256.434
256.507
256.574
256.634
256.687
256.733
256.77
256.799
256.818
256.826
256.829
257.399
256.54
255.786
255.139
254.596
254.146
253.781
253.488
253.257
253.08
252.947
252.853
252.789
252.751
252.734
252.735
252.749
252.774
252.806
252.843
252.883
252.925
252.967
253.007
253.046
253.083
253.118
253.15
253.181
253.211
253.239
253.266
253.292
253.317
253.34
253.363
253.384
253.405
253.425
253.444
253.463
258.328
259.189
259.949
260.603
261.158
261.624
262.011
262.331
262.592
262.804
262.976
263.113
263.221
263.305
263.37
263.419
263.454
263.478
263.494
263.502
263.505
263.503
263.498
263.491
263.482
263.471
263.46
263.448
263.436
263.424
263.412
263.4
263.389
263.379
263.368
263.359
263.349
263.341
263.332
263.324
263.317
263.31
263.306
263.301
263.297
263.292
263.287
263.282
263.277
263.272
263.266
263.26
263.253
263.246
263.239
263.231
263.222
263.213
263.203
263.192
263.18
263.168
263.155
263.141
263.126
263.11
263.093
263.075
263.056
263.035
263.013
262.99
262.965
262.938
262.91
262.879
262.846
262.811
262.773
262.732
262.688
262.641
262.59
262.536
262.478
262.416
262.35
262.279
262.204
262.125
262.041
261.952
261.859
261.761
261.66
261.554
261.444
261.331
261.215
261.096
260.975
260.853
260.731
260.608
260.487
260.369
260.253
260.141
260.034
259.933
259.839
259.753
259.673
259.606
259.528
)
;
    }
    outlet
    {
        type            freestreamPressure;
        value           nonuniform List<scalar> 
96
(
258.188
258.165
258.142
258.119
258.097
258.074
258.051
258.029
258.006
257.982
257.958
257.932
257.906
257.879
257.85
257.82
257.789
257.756
257.722
257.689
257.656
257.624
257.594
257.566
257.538
257.51
257.482
257.453
257.423
257.391
257.358
257.324
257.288
257.252
257.214
257.177
257.139
257.102
257.065
257.03
256.996
256.964
256.934
256.907
256.883
256.862
256.846
256.829
259.528
259.517
259.501
259.492
259.484
259.471
259.449
259.418
259.382
259.343
259.302
259.26
259.217
259.175
259.132
259.091
259.05
259.01
258.971
258.933
258.897
258.861
258.827
258.793
258.761
258.73
258.7
258.671
258.642
258.615
258.588
258.562
258.537
258.512
258.488
258.465
258.442
258.42
258.398
258.376
258.355
258.334
258.313
258.292
258.272
258.251
258.231
258.21
)
;
    }
    walls
    {
        type            zeroGradient;
    }
    frontAndBack
    {
        type            empty;
    }
}


// ************************************************************************* //
