# Forces     
# CofR       : (0.000000e+00 0.000000e+00 0.000000e+00)
# Time       forces(pressure viscous porous)	moments(pressure viscous porous)
1            	((1.544284e+02 8.038607e+02 -9.964554e-17) (8.968896e-01 1.548626e-01 2.062501e-20) (0.000000e+00 0.000000e+00 0.000000e+00)) ((-1.205791e+02 2.316426e+01 4.065410e+02) (-2.322939e-02 1.345334e-01 6.584923e-02) (0.000000e+00 0.000000e+00 0.000000e+00))
2            	((7.754188e+01 6.166252e+02 -4.427568e-17) (1.139767e+00 -6.414514e-02 1.986811e-20) (0.000000e+00 0.000000e+00 0.000000e+00)) ((-9.249377e+01 1.163128e+01 2.976880e+02) (9.621771e-03 1.709650e-01 -4.505852e-02) (0.000000e+00 0.000000e+00 0.000000e+00))
3            	((-3.326021e+01 3.147935e+01 2.087910e-17) (1.117769e+00 -3.073090e-01 -7.868440e-20) (0.000000e+00 0.000000e+00 0.000000e+00)) ((-4.721903e+00 -4.989031e+00 -1.691977e+01) (4.609634e-02 1.676654e-01 -1.748942e-01) (0.000000e+00 0.000000e+00 0.000000e+00))
4            	((-4.928523e+01 -3.293848e+02 2.044553e-17) (1.011903e+00 -2.446242e-01 -8.696731e-20) (0.000000e+00 0.000000e+00 0.000000e+00)) ((4.940772e+01 -7.392785e+00 -2.022175e+02) (3.669363e-02 1.517854e-01 -1.311153e-01) (0.000000e+00 0.000000e+00 0.000000e+00))
5            	((-1.157136e+01 -2.786114e+02 -7.288333e-18) (9.294452e-01 -1.331802e-02 -6.929571e-22) (0.000000e+00 0.000000e+00 0.000000e+00)) ((4.179170e+01 -1.735703e+00 -1.616243e+02) (1.997703e-03 1.394168e-01 4.757451e-03) (0.000000e+00 0.000000e+00 0.000000e+00))
6            	((1.345344e+01 -2.741586e+01 -1.725651e-17) (9.409903e-01 1.234296e-01 3.730948e-20) (0.000000e+00 0.000000e+00 0.000000e+00)) ((4.112380e+00 2.018016e+00 -1.306782e+01) (-1.851444e-02 1.411485e-01 7.539056e-02) (0.000000e+00 0.000000e+00 0.000000e+00))
7            	((7.856897e+00 1.653455e+02 -6.196905e-18) (9.790382e-01 1.334439e-01 -1.806744e-20) (0.000000e+00 0.000000e+00 0.000000e+00)) ((-2.480183e+01 1.178534e+00 9.291896e+01) (-2.001659e-02 1.468557e-01 6.488077e-02) (0.000000e+00 0.000000e+00 0.000000e+00))
8            	((-1.813836e+00 1.894540e+02 5.009208e-18) (9.772022e-01 6.574447e-02 -5.498256e-20) (0.000000e+00 0.000000e+00 0.000000e+00)) ((-2.841810e+01 -2.720754e-01 9.661719e+01) (-9.861671e-03 1.465803e-01 1.166793e-02) (0.000000e+00 0.000000e+00 0.000000e+00))
9            	((-1.505421e+00 1.075237e+02 3.860826e-18) (9.492522e-01 -6.775836e-03 -4.675803e-20) (0.000000e+00 0.000000e+00 0.000000e+00)) ((-1.612855e+01 -2.258131e-01 3.948248e+01) (1.016375e-03 1.423878e-01 -3.120575e-02) (0.000000e+00 0.000000e+00 0.000000e+00))
10           	((1.934949e+00 1.620184e+01 -8.301369e-19) (9.113026e-01 -3.447244e-02 -3.364684e-20) (0.000000e+00 0.000000e+00 0.000000e+00)) ((-2.430276e+00 2.902423e-01 -1.756897e+01) (5.170867e-03 1.366954e-01 -3.615784e-02) (0.000000e+00 0.000000e+00 0.000000e+00))
11           	((1.178137e+00 -2.048303e+01 -2.196459e-18) (8.796029e-01 -1.369504e-02 -3.500715e-20) (0.000000e+00 0.000000e+00 0.000000e+00)) ((3.072454e+00 1.767206e-01 -3.638422e+01) (2.054256e-03 1.319404e-01 -1.044277e-02) (0.000000e+00 0.000000e+00 0.000000e+00))
12           	((-1.468595e+00 -6.309595e+00 -1.021621e-18) (8.559050e-01 2.571694e-02 -3.826114e-20) (0.000000e+00 0.000000e+00 0.000000e+00)) ((9.464392e-01 -2.202892e-01 -2.219937e+01) (-3.857540e-03 1.283858e-01 1.710894e-02) (0.000000e+00 0.000000e+00 0.000000e+00))
13           	((-3.814309e+00 2.628694e+01 2.043905e-18) (8.360215e-01 5.300343e-02 -3.949534e-20) (0.000000e+00 0.000000e+00 0.000000e+00)) ((-3.943040e+00 -5.721463e-01 2.547922e+00) (-7.950514e-03 1.254032e-01 2.794389e-02) (0.000000e+00 0.000000e+00 0.000000e+00))
14           	((-2.075064e+00 6.170661e+01 2.101687e-18) (8.222530e-01 5.814767e-02 -2.939991e-20) (0.000000e+00 0.000000e+00 0.000000e+00)) ((-9.255992e+00 -3.112596e-01 2.536749e+01) (-8.722151e-03 1.233380e-01 2.254613e-02) (0.000000e+00 0.000000e+00 0.000000e+00))
15           	((1.162784e-01 7.310443e+01 1.367649e-18) (8.185549e-01 4.970837e-02 -1.526122e-20) (0.000000e+00 0.000000e+00 0.000000e+00)) ((-1.096566e+01 1.744177e-02 2.924628e+01) (-7.456255e-03 1.227832e-01 1.160607e-02) (0.000000e+00 0.000000e+00 0.000000e+00))
16           	((1.275028e+00 7.033056e+01 5.902617e-19) (8.168026e-01 3.938288e-02 -8.254249e-21) (0.000000e+00 0.000000e+00 0.000000e+00)) ((-1.054958e+01 1.912543e-01 2.255220e+01) (-5.907431e-03 1.225204e-01 4.565194e-03) (0.000000e+00 0.000000e+00 0.000000e+00))
17           	((3.449488e-02 5.572402e+01 1.526237e-18) (8.127550e-01 3.573577e-02 -1.892380e-20) (0.000000e+00 0.000000e+00 0.000000e+00)) ((-8.358603e+00 5.174233e-03 9.808243e+00) (-5.360366e-03 1.219133e-01 4.593198e-03) (0.000000e+00 0.000000e+00 0.000000e+00))
18           	((-1.741612e+00 3.896216e+01 2.109826e-18) (8.035699e-01 3.873610e-02 -3.531616e-20) (0.000000e+00 0.000000e+00 0.000000e+00)) ((-5.844324e+00 -2.612417e-01 -5.794681e-01) (-5.810415e-03 1.205355e-01 9.306884e-03) (0.000000e+00 0.000000e+00 0.000000e+00))
19           	((-2.889811e+00 3.206228e+01 2.815427e-18) (7.923902e-01 4.420056e-02 -4.664400e-20) (0.000000e+00 0.000000e+00 0.000000e+00)) ((-4.809341e+00 -4.334717e-01 -2.321766e+00) (-6.630084e-03 1.188585e-01 1.433899e-02) (0.000000e+00 0.000000e+00 0.000000e+00))
20           	((-3.234901e+00 3.649532e+01 3.454347e-18) (7.856412e-01 4.817962e-02 -4.931774e-20) (0.000000e+00 0.000000e+00 0.000000e+00)) ((-5.474298e+00 -4.852352e-01 3.495503e+00) (-7.226942e-03 1.178462e-01 1.704848e-02) (0.000000e+00 0.000000e+00 0.000000e+00))
21           	((-2.526293e+00 4.884760e+01 3.425697e-18) (7.847695e-01 4.971096e-02 -4.376536e-20) (0.000000e+00 0.000000e+00 0.000000e+00)) ((-7.327140e+00 -3.789439e-01 1.212606e+01) (-7.456644e-03 1.177154e-01 1.703894e-02) (0.000000e+00 0.000000e+00 0.000000e+00))
22           	((-1.586661e+00 5.882848e+01 2.953549e-18) (7.876425e-01 5.039315e-02 -3.466497e-20) (0.000000e+00 0.000000e+00 0.000000e+00)) ((-8.824272e+00 -2.379991e-01 1.703415e+01) (-7.558972e-03 1.181464e-01 1.538211e-02) (0.000000e+00 0.000000e+00 0.000000e+00))
23           	((-8.763379e-01 6.257119e+01 2.338416e-18) (7.899564e-01 5.084461e-02 -2.582945e-20) (0.000000e+00 0.000000e+00 0.000000e+00)) ((-9.385678e+00 -1.314507e-01 1.694070e+01) (-7.626691e-03 1.184935e-01 1.361112e-02) (0.000000e+00 0.000000e+00 0.000000e+00))
24           	((-8.924477e-01 5.830308e+01 2.015406e-18) (7.907460e-01 5.150346e-02 -2.309564e-20) (0.000000e+00 0.000000e+00 0.000000e+00)) ((-8.745462e+00 -1.338671e-01 1.235143e+01) (-7.725519e-03 1.186119e-01 1.276379e-02) (0.000000e+00 0.000000e+00 0.000000e+00))
25           	((-1.966741e+00 5.095826e+01 3.271930e-18) (7.887840e-01 5.161877e-02 -2.985709e-20) (0.000000e+00 0.000000e+00 0.000000e+00)) ((-7.643739e+00 -2.950112e-01 7.210156e+00) (-7.742815e-03 1.183176e-01 1.302306e-02) (0.000000e+00 0.000000e+00 0.000000e+00))
26           	((-2.743448e+00 4.418144e+01 3.792429e-18) (7.862747e-01 5.106727e-02 -3.797181e-20) (0.000000e+00 0.000000e+00 0.000000e+00)) ((-6.627215e+00 -4.115172e-01 3.734084e+00) (-7.660090e-03 1.179412e-01 1.400258e-02) (0.000000e+00 0.000000e+00 0.000000e+00))
27           	((-3.209877e+00 4.338464e+01 4.326727e-18) (7.834763e-01 5.148331e-02 -4.443183e-20) (0.000000e+00 0.000000e+00 0.000000e+00)) ((-6.507696e+00 -4.814816e-01 4.552631e+00) (-7.722496e-03 1.175214e-01 1.505475e-02) (0.000000e+00 0.000000e+00 0.000000e+00))
28           	((-3.210632e+00 4.822061e+01 4.597185e-18) (7.824779e-01 5.283419e-02 -4.650998e-20) (0.000000e+00 0.000000e+00 0.000000e+00)) ((-7.233092e+00 -4.815948e-01 8.440719e+00) (-7.925128e-03 1.173717e-01 1.557444e-02) (0.000000e+00 0.000000e+00 0.000000e+00))
29           	((-2.749872e+00 5.571277e+01 4.482729e-18) (7.835362e-01 5.444928e-02 -4.401582e-20) (0.000000e+00 0.000000e+00 0.000000e+00)) ((-8.356916e+00 -4.124808e-01 1.291958e+01) (-8.167392e-03 1.175304e-01 1.522516e-02) (0.000000e+00 0.000000e+00 0.000000e+00))
30           	((-2.274315e+00 5.946465e+01 4.123795e-18) (7.863154e-01 5.566845e-02 -3.952111e-20) (0.000000e+00 0.000000e+00 0.000000e+00)) ((-8.919697e+00 -3.411473e-01 1.425364e+01) (-8.350267e-03 1.179473e-01 1.423967e-02) (0.000000e+00 0.000000e+00 0.000000e+00))
31           	((-1.988329e+00 5.901922e+01 3.726545e-18) (7.887269e-01 5.560430e-02 -3.477821e-20) (0.000000e+00 0.000000e+00 0.000000e+00)) ((-8.852883e+00 -2.982494e-01 1.273923e+01) (-8.340645e-03 1.183090e-01 1.310783e-02) (0.000000e+00 0.000000e+00 0.000000e+00))
32           	((-2.370894e+00 5.580580e+01 4.275365e-18) (7.897534e-01 5.484019e-02 -3.371378e-20) (0.000000e+00 0.000000e+00 0.000000e+00)) ((-8.370870e+00 -3.556342e-01 9.942706e+00) (-8.226029e-03 1.184630e-01 1.241364e-02) (0.000000e+00 0.000000e+00 0.000000e+00))
33           	((-2.845720e+00 5.125773e+01 4.721078e-18) (7.893833e-01 5.362277e-02 -3.448200e-20) (0.000000e+00 0.000000e+00 0.000000e+00)) ((-7.688659e+00 -4.268580e-01 6.964251e+00) (-8.043416e-03 1.184075e-01 1.239595e-02) (0.000000e+00 0.000000e+00 0.000000e+00))
34           	((-3.193670e+00 4.911254e+01 4.998837e-18) (7.879715e-01 5.365969e-02 -3.676038e-20) (0.000000e+00 0.000000e+00 0.000000e+00)) ((-7.366881e+00 -4.790504e-01 6.073568e+00) (-8.048954e-03 1.181957e-01 1.289169e-02) (0.000000e+00 0.000000e+00 0.000000e+00))
35           	((-3.362567e+00 5.033291e+01 5.258943e-18) (7.866181e-01 5.472969e-02 -3.915136e-20) (0.000000e+00 0.000000e+00 0.000000e+00)) ((-7.549936e+00 -5.043850e-01 7.368358e+00) (-8.209453e-03 1.179927e-01 1.342672e-02) (0.000000e+00 0.000000e+00 0.000000e+00))
36           	((-3.361376e+00 5.435279e+01 5.486996e-18) (7.864262e-01 5.625890e-02 -4.138525e-20) (0.000000e+00 0.000000e+00 0.000000e+00)) ((-8.152918e+00 -5.042064e-01 1.008160e+01) (-8.438835e-03 1.179639e-01 1.354356e-02) (0.000000e+00 0.000000e+00 0.000000e+00))
37           	((-3.289346e+00 5.783628e+01 5.760925e-18) (7.874838e-01 5.703849e-02 -4.275038e-20) (0.000000e+00 0.000000e+00 0.000000e+00)) ((-8.675442e+00 -4.934020e-01 1.199856e+01) (-8.555774e-03 1.181226e-01 1.303332e-02) (0.000000e+00 0.000000e+00 0.000000e+00))
38           	((-3.045421e+00 5.969502e+01 5.680776e-18) (7.891885e-01 5.683431e-02 -4.267612e-20) (0.000000e+00 0.000000e+00 0.000000e+00)) ((-8.954253e+00 -4.568131e-01 1.260841e+01) (-8.525146e-03 1.183783e-01 1.212359e-02) (0.000000e+00 0.000000e+00 0.000000e+00))
39           	((-2.970931e+00 5.925541e+01 5.607781e-18) (7.909049e-01 5.601050e-02 -4.251633e-20) (0.000000e+00 0.000000e+00 0.000000e+00)) ((-8.888311e+00 -4.456397e-01 1.185791e+01) (-8.401575e-03 1.186357e-01 1.118877e-02) (0.000000e+00 0.000000e+00 0.000000e+00))
40           	((-3.190665e+00 5.760303e+01 5.888045e-18) (7.916213e-01 5.546919e-02 -4.320722e-20) (0.000000e+00 0.000000e+00 0.000000e+00)) ((-8.640454e+00 -4.785998e-01 1.045813e+01) (-8.320379e-03 1.187432e-01 1.076702e-02) (0.000000e+00 0.000000e+00 0.000000e+00))
41           	((-3.457316e+00 5.612368e+01 6.159944e-18) (7.914314e-01 5.516950e-02 -4.339566e-20) (0.000000e+00 0.000000e+00 0.000000e+00)) ((-8.418553e+00 -5.185975e-01 9.360468e+00) (-8.275425e-03 1.187147e-01 1.079331e-02) (0.000000e+00 0.000000e+00 0.000000e+00))
42           	((-3.591622e+00 5.562514e+01 6.223496e-18) (7.908342e-01 5.562996e-02 -4.337470e-20) (0.000000e+00 0.000000e+00 0.000000e+00)) ((-8.343771e+00 -5.387433e-01 9.036365e+00) (-8.344494e-03 1.186251e-01 1.107152e-02) (0.000000e+00 0.000000e+00 0.000000e+00))
43           	((-3.695370e+00 5.603271e+01 6.293064e-18) (7.902936e-01 5.632696e-02 -4.328970e-20) (0.000000e+00 0.000000e+00 0.000000e+00)) ((-8.404906e+00 -5.543055e-01 9.335181e+00) (-8.449044e-03 1.185440e-01 1.128758e-02) (0.000000e+00 0.000000e+00 0.000000e+00))
44           	((-3.807473e+00 5.731413e+01 6.530783e-18) (7.900545e-01 5.699737e-02 -4.385711e-20) (0.000000e+00 0.000000e+00 0.000000e+00)) ((-8.597120e+00 -5.711209e-01 1.013817e+01) (-8.549606e-03 1.185082e-01 1.128843e-02) (0.000000e+00 0.000000e+00 0.000000e+00))
45           	((-3.763595e+00 5.886214e+01 6.562718e-18) (7.903563e-01 5.710011e-02 -4.386059e-20) (0.000000e+00 0.000000e+00 0.000000e+00)) ((-8.829320e+00 -5.645392e-01 1.102573e+01) (-8.565017e-03 1.185534e-01 1.104088e-02) (0.000000e+00 0.000000e+00 0.000000e+00))
46           	((-3.717767e+00 5.984151e+01 6.563055e-18) (7.909257e-01 5.713697e-02 -4.431935e-20) (0.000000e+00 0.000000e+00 0.000000e+00)) ((-8.976227e+00 -5.576651e-01 1.150913e+01) (-8.570546e-03 1.186389e-01 1.067438e-02) (0.000000e+00 0.000000e+00 0.000000e+00))
47           	((-3.718674e+00 6.053424e+01 6.571109e-18) (7.913596e-01 5.695269e-02 -4.474089e-20) (0.000000e+00 0.000000e+00 0.000000e+00)) ((-9.080136e+00 -5.578011e-01 1.175939e+01) (-8.542903e-03 1.187039e-01 1.032026e-02) (0.000000e+00 0.000000e+00 0.000000e+00))
48           	((-3.912723e+00 6.082625e+01 6.931566e-18) (7.914634e-01 5.695046e-02 -4.621626e-20) (0.000000e+00 0.000000e+00 0.000000e+00)) ((-9.123938e+00 -5.869084e-01 1.174343e+01) (-8.542569e-03 1.187195e-01 1.008363e-02) (0.000000e+00 0.000000e+00 0.000000e+00))
49           	((-4.061949e+00 6.087760e+01 7.186643e-18) (7.912570e-01 5.673946e-02 -4.698671e-20) (0.000000e+00 0.000000e+00 0.000000e+00)) ((-9.131639e+00 -6.092923e-01 1.155460e+01) (-8.510919e-03 1.186886e-01 9.944424e-03) (0.000000e+00 0.000000e+00 0.000000e+00))
50           	((-4.083831e+00 6.077028e+01 7.222218e-18) (7.908674e-01 5.686801e-02 -4.734174e-20) (0.000000e+00 0.000000e+00 0.000000e+00)) ((-9.115542e+00 -6.125746e-01 1.136285e+01) (-8.530202e-03 1.186301e-01 9.879087e-03) (0.000000e+00 0.000000e+00 0.000000e+00))
51           	((-4.103979e+00 6.069074e+01 7.248394e-18) (7.904228e-01 5.712359e-02 -4.726190e-20) (0.000000e+00 0.000000e+00 0.000000e+00)) ((-9.103611e+00 -6.155969e-01 1.122988e+01) (-8.568538e-03 1.185634e-01 9.847060e-03) (0.000000e+00 0.000000e+00 0.000000e+00))
52           	((-4.204095e+00 6.080975e+01 7.463128e-18) (7.899849e-01 5.754886e-02 -4.777473e-20) (0.000000e+00 0.000000e+00 0.000000e+00)) ((-9.121462e+00 -6.306143e-01 1.121925e+01) (-8.632329e-03 1.184977e-01 9.848252e-03) (0.000000e+00 0.000000e+00 0.000000e+00))
53           	((-4.250095e+00 6.119351e+01 7.623266e-18) (7.896912e-01 5.770892e-02 -4.786090e-20) (0.000000e+00 0.000000e+00 0.000000e+00)) ((-9.179026e+00 -6.375143e-01 1.134585e+01) (-8.656338e-03 1.184537e-01 9.834090e-03) (0.000000e+00 0.000000e+00 0.000000e+00))
54           	((-4.236460e+00 6.166149e+01 7.651692e-18) (7.894762e-01 5.793263e-02 -4.811661e-20) (0.000000e+00 0.000000e+00 0.000000e+00)) ((-9.249223e+00 -6.354690e-01 1.153433e+01) (-8.689894e-03 1.184214e-01 9.805530e-03) (0.000000e+00 0.000000e+00 0.000000e+00))
55           	((-4.259400e+00 6.203163e+01 7.671614e-18) (7.891973e-01 5.807621e-02 -4.820858e-20) (0.000000e+00 0.000000e+00 0.000000e+00)) ((-9.304744e+00 -6.389100e-01 1.169156e+01) (-8.711431e-03 1.183796e-01 9.739623e-03) (0.000000e+00 0.000000e+00 0.000000e+00))
56           	((-4.402010e+00 6.251969e+01 7.893897e-18) (7.886986e-01 5.831613e-02 -4.915521e-20) (0.000000e+00 0.000000e+00 0.000000e+00)) ((-9.377953e+00 -6.603015e-01 1.189755e+01) (-8.747420e-03 1.183048e-01 9.670734e-03) (0.000000e+00 0.000000e+00 0.000000e+00))
57           	((-4.517598e+00 6.298743e+01 8.078281e-18) (7.880965e-01 5.833529e-02 -4.961402e-20) (0.000000e+00 0.000000e+00 0.000000e+00)) ((-9.448114e+00 -6.776396e-01 1.208526e+01) (-8.750293e-03 1.182145e-01 9.582897e-03) (0.000000e+00 0.000000e+00 0.000000e+00))
58           	((-4.533144e+00 6.331560e+01 8.095120e-18) (7.875200e-01 5.846900e-02 -4.991748e-20) (0.000000e+00 0.000000e+00 0.000000e+00)) ((-9.497340e+00 -6.799716e-01 1.221190e+01) (-8.770351e-03 1.181280e-01 9.500841e-03) (0.000000e+00 0.000000e+00 0.000000e+00))
59           	((-4.583974e+00 6.363738e+01 8.228723e-18) (7.869793e-01 5.857903e-02 -5.012367e-20) (0.000000e+00 0.000000e+00 0.000000e+00)) ((-9.545607e+00 -6.875961e-01 1.233247e+01) (-8.786855e-03 1.180469e-01 9.417969e-03) (0.000000e+00 0.000000e+00 0.000000e+00))
60           	((-4.622056e+00 6.404080e+01 8.351230e-18) (7.865587e-01 5.873567e-02 -5.052355e-20) (0.000000e+00 0.000000e+00 0.000000e+00)) ((-9.606120e+00 -6.933085e-01 1.247029e+01) (-8.810351e-03 1.179838e-01 9.359547e-03) (0.000000e+00 0.000000e+00 0.000000e+00))
61           	((-4.651095e+00 6.427899e+01 8.453924e-18) (7.861662e-01 5.884162e-02 -5.063783e-20) (0.000000e+00 0.000000e+00 0.000000e+00)) ((-9.641848e+00 -6.976643e-01 1.250765e+01) (-8.826242e-03 1.179249e-01 9.307762e-03) (0.000000e+00 0.000000e+00 0.000000e+00))
62           	((-4.658671e+00 6.435197e+01 8.468499e-18) (7.857182e-01 5.907577e-02 -5.092971e-20) (0.000000e+00 0.000000e+00 0.000000e+00)) ((-9.652796e+00 -6.988006e-01 1.246625e+01) (-8.861365e-03 1.178577e-01 9.281700e-03) (0.000000e+00 0.000000e+00 0.000000e+00))
63           	((-4.732980e+00 6.443406e+01 8.605513e-18) (7.851146e-01 5.925692e-02 -5.123833e-20) (0.000000e+00 0.000000e+00 0.000000e+00)) ((-9.665110e+00 -7.099470e-01 1.242782e+01) (-8.888539e-03 1.177672e-01 9.262953e-03) (0.000000e+00 0.000000e+00 0.000000e+00))
64           	((-4.807986e+00 6.462343e+01 8.731734e-18) (7.844485e-01 5.943862e-02 -5.182826e-20) (0.000000e+00 0.000000e+00 0.000000e+00)) ((-9.693515e+00 -7.211978e-01 1.243952e+01) (-8.915793e-03 1.176673e-01 9.260453e-03) (0.000000e+00 0.000000e+00 0.000000e+00))
65           	((-4.865069e+00 6.487006e+01 8.834354e-18) (7.837656e-01 5.952203e-02 -5.202768e-20) (0.000000e+00 0.000000e+00 0.000000e+00)) ((-9.730509e+00 -7.297603e-01 1.250698e+01) (-8.928304e-03 1.175648e-01 9.247042e-03) (0.000000e+00 0.000000e+00 0.000000e+00))
66           	((-4.906861e+00 6.508592e+01 8.916869e-18) (7.831392e-01 5.971648e-02 -5.246336e-20) (0.000000e+00 0.000000e+00 0.000000e+00)) ((-9.762888e+00 -7.360292e-01 1.258585e+01) (-8.957471e-03 1.174709e-01 9.240706e-03) (0.000000e+00 0.000000e+00 0.000000e+00))
67           	((-4.922966e+00 6.539258e+01 8.935742e-18) (7.825831e-01 5.983799e-02 -5.243033e-20) (0.000000e+00 0.000000e+00 0.000000e+00)) ((-9.808886e+00 -7.384449e-01 1.271352e+01) (-8.975699e-03 1.173875e-01 9.221372e-03) (0.000000e+00 0.000000e+00 0.000000e+00))
68           	((-4.983131e+00 6.567884e+01 9.050022e-18) (7.820366e-01 6.010427e-02 -5.296003e-20) (0.000000e+00 0.000000e+00 0.000000e+00)) ((-9.851827e+00 -7.474696e-01 1.282317e+01) (-9.015640e-03 1.173055e-01 9.206170e-03) (0.000000e+00 0.000000e+00 0.000000e+00))
69           	((-5.033027e+00 6.596256e+01 9.156423e-18) (7.815031e-01 6.017786e-02 -5.308744e-20) (0.000000e+00 0.000000e+00 0.000000e+00)) ((-9.894384e+00 -7.549540e-01 1.292050e+01) (-9.026678e-03 1.172255e-01 9.172780e-03) (0.000000e+00 0.000000e+00 0.000000e+00))
70           	((-5.065218e+00 6.623792e+01 9.237707e-18) (7.809700e-01 6.032674e-02 -5.353129e-20) (0.000000e+00 0.000000e+00 0.000000e+00)) ((-9.935688e+00 -7.597827e-01 1.300815e+01) (-9.049011e-03 1.171455e-01 9.142354e-03) (0.000000e+00 0.000000e+00 0.000000e+00))
71           	((-5.095557e+00 6.638121e+01 9.307729e-18) (7.804391e-01 6.037439e-02 -5.355807e-20) (0.000000e+00 0.000000e+00 0.000000e+00)) ((-9.957181e+00 -7.643335e-01 1.303860e+01) (-9.056159e-03 1.170659e-01 9.102393e-03) (0.000000e+00 0.000000e+00 0.000000e+00))
72           	((-5.135584e+00 6.650643e+01 9.382641e-18) (7.798850e-01 6.055126e-02 -5.398383e-20) (0.000000e+00 0.000000e+00 0.000000e+00)) ((-9.975964e+00 -7.703376e-01 1.305938e+01) (-9.082689e-03 1.169828e-01 9.083078e-03) (0.000000e+00 0.000000e+00 0.000000e+00))
73           	((-5.179251e+00 6.667680e+01 9.455394e-18) (7.793182e-01 6.064776e-02 -5.403948e-20) (0.000000e+00 0.000000e+00 0.000000e+00)) ((-1.000152e+01 -7.768877e-01 1.309667e+01) (-9.097164e-03 1.168977e-01 9.064324e-03) (0.000000e+00 0.000000e+00 0.000000e+00))
74           	((-5.199713e+00 6.683940e+01 9.465540e-18) (7.787525e-01 6.086688e-02 -5.436093e-20) (0.000000e+00 0.000000e+00 0.000000e+00)) ((-1.002591e+01 -7.799570e-01 1.313351e+01) (-9.130032e-03 1.168129e-01 9.060543e-03) (0.000000e+00 0.000000e+00 0.000000e+00))
75           	((-5.259453e+00 6.700759e+01 9.557060e-18) (7.781641e-01 6.098744e-02 -5.448890e-20) (0.000000e+00 0.000000e+00 0.000000e+00)) ((-1.005114e+01 -7.889179e-01 1.317222e+01) (-9.148116e-03 1.167246e-01 9.046632e-03) (0.000000e+00 0.000000e+00 0.000000e+00))
76           	((-5.295671e+00 6.718799e+01 9.640586e-18) (7.776208e-01 6.112842e-02 -5.492009e-20) (0.000000e+00 0.000000e+00 0.000000e+00)) ((-1.007820e+01 -7.943506e-01 1.321747e+01) (-9.169263e-03 1.166431e-01 9.039119e-03) (0.000000e+00 0.000000e+00 0.000000e+00))
77           	((-5.318343e+00 6.738514e+01 9.705945e-18) (7.771383e-01 6.113808e-02 -5.490071e-20) (0.000000e+00 0.000000e+00 0.000000e+00)) ((-1.010777e+01 -7.977515e-01 1.327329e+01) (-9.170711e-03 1.165708e-01 9.017584e-03) (0.000000e+00 0.000000e+00 0.000000e+00))
78           	((-5.345379e+00 6.749337e+01 9.766599e-18) (7.766942e-01 6.128514e-02 -5.529680e-20) (0.000000e+00 0.000000e+00 0.000000e+00)) ((-1.012401e+01 -8.018069e-01 1.329560e+01) (-9.192771e-03 1.165041e-01 9.007370e-03) (0.000000e+00 0.000000e+00 0.000000e+00))
79           	((-5.361139e+00 6.759106e+01 9.777951e-18) (7.762405e-01 6.135889e-02 -5.520126e-20) (0.000000e+00 0.000000e+00 0.000000e+00)) ((-1.013866e+01 -8.041708e-01 1.331530e+01) (-9.203834e-03 1.164361e-01 8.992182e-03) (0.000000e+00 0.000000e+00 0.000000e+00))
80           	((-5.414547e+00 6.771006e+01 9.865085e-18) (7.757326e-01 6.158936e-02 -5.571968e-20) (0.000000e+00 0.000000e+00 0.000000e+00)) ((-1.015651e+01 -8.121820e-01 1.334312e+01) (-9.238404e-03 1.163599e-01 8.991039e-03) (0.000000e+00 0.000000e+00 0.000000e+00))
81           	((-5.457158e+00 6.788280e+01 9.941200e-18) (7.752315e-01 6.163414e-02 -5.575273e-20) (0.000000e+00 0.000000e+00 0.000000e+00)) ((-1.018242e+01 -8.185738e-01 1.339340e+01) (-9.245121e-03 1.162847e-01 8.975285e-03) (0.000000e+00 0.000000e+00 0.000000e+00))
82           	((-5.483399e+00 6.802338e+01 9.999589e-18) (7.747593e-01 6.176711e-02 -5.615376e-20) (0.000000e+00 0.000000e+00 0.000000e+00)) ((-1.020351e+01 -8.225098e-01 1.343400e+01) (-9.265066e-03 1.162139e-01 8.962953e-03) (0.000000e+00 0.000000e+00 0.000000e+00))
83           	((-5.500187e+00 6.815406e+01 1.004569e-17) (7.743365e-01 6.177563e-02 -5.606441e-20) (0.000000e+00 0.000000e+00 0.000000e+00)) ((-1.022311e+01 -8.250280e-01 1.347446e+01) (-9.266345e-03 1.161505e-01 8.936666e-03) (0.000000e+00 0.000000e+00 0.000000e+00))
84           	((-5.520646e+00 6.827938e+01 1.009230e-17) (7.739454e-01 6.192230e-02 -5.642873e-20) (0.000000e+00 0.000000e+00 0.000000e+00)) ((-1.024191e+01 -8.280969e-01 1.351209e+01) (-9.288345e-03 1.160918e-01 8.924402e-03) (0.000000e+00 0.000000e+00 0.000000e+00))
85           	((-5.545220e+00 6.839534e+01 1.014087e-17) (7.735682e-01 6.197479e-02 -5.636038e-20) (0.000000e+00 0.000000e+00 0.000000e+00)) ((-1.025930e+01 -8.317830e-01 1.354310e+01) (-9.296218e-03 1.160352e-01 8.905915e-03) (0.000000e+00 0.000000e+00 0.000000e+00))
86           	((-5.577052e+00 6.851460e+01 1.019220e-17) (7.731821e-01 6.214664e-02 -5.677672e-20) (0.000000e+00 0.000000e+00 0.000000e+00)) ((-1.027719e+01 -8.365578e-01 1.357170e+01) (-9.321995e-03 1.159773e-01 8.900136e-03) (0.000000e+00 0.000000e+00 0.000000e+00))
87           	((-5.595321e+00 6.859317e+01 1.023226e-17) (7.728059e-01 6.218382e-02 -5.667751e-20) (0.000000e+00 0.000000e+00 0.000000e+00)) ((-1.028898e+01 -8.392981e-01 1.358551e+01) (-9.327572e-03 1.159209e-01 8.880452e-03) (0.000000e+00 0.000000e+00 0.000000e+00))
88           	((-5.616666e+00 6.868436e+01 1.027250e-17) (7.724461e-01 6.231409e-02 -5.704411e-20) (0.000000e+00 0.000000e+00 0.000000e+00)) ((-1.030265e+01 -8.424998e-01 1.360562e+01) (-9.347113e-03 1.158669e-01 8.868795e-03) (0.000000e+00 0.000000e+00 0.000000e+00))
89           	((-5.640433e+00 6.877325e+01 1.031246e-17) (7.721093e-01 6.231743e-02 -5.694596e-20) (0.000000e+00 0.000000e+00 0.000000e+00)) ((-1.031599e+01 -8.460650e-01 1.362783e+01) (-9.347614e-03 1.158164e-01 8.844976e-03) (0.000000e+00 0.000000e+00 0.000000e+00))
90           	((-5.664626e+00 6.885038e+01 1.035288e-17) (7.717794e-01 6.244629e-02 -5.731464e-20) (0.000000e+00 0.000000e+00 0.000000e+00)) ((-1.032756e+01 -8.496939e-01 1.364608e+01) (-9.366943e-03 1.157669e-01 8.834836e-03) (0.000000e+00 0.000000e+00 0.000000e+00))
91           	((-5.683804e+00 6.893666e+01 1.038914e-17) (7.714662e-01 6.245944e-02 -5.720068e-20) (0.000000e+00 0.000000e+00 0.000000e+00)) ((-1.034050e+01 -8.525706e-01 1.366878e+01) (-9.368915e-03 1.157199e-01 8.815650e-03) (0.000000e+00 0.000000e+00 0.000000e+00))
92           	((-5.700981e+00 6.902946e+01 1.042321e-17) (7.711705e-01 6.259217e-02 -5.755570e-20) (0.000000e+00 0.000000e+00 0.000000e+00)) ((-1.035442e+01 -8.551472e-01 1.369413e+01) (-9.388825e-03 1.156756e-01 8.807321e-03) (0.000000e+00 0.000000e+00 0.000000e+00))
93           	((-5.717084e+00 6.911779e+01 1.045567e-17) (7.708997e-01 6.259732e-02 -5.743067e-20) (0.000000e+00 0.000000e+00 0.000000e+00)) ((-1.036767e+01 -8.575626e-01 1.371839e+01) (-9.389598e-03 1.156350e-01 8.785077e-03) (0.000000e+00 0.000000e+00 0.000000e+00))
94           	((-5.735418e+00 6.919520e+01 1.048881e-17) (7.706423e-01 6.271651e-02 -5.778812e-20) (0.000000e+00 0.000000e+00 0.000000e+00)) ((-1.037928e+01 -8.603127e-01 1.373773e+01) (-9.407477e-03 1.155964e-01 8.772381e-03) (0.000000e+00 0.000000e+00 0.000000e+00))
95           	((-5.752844e+00 6.926133e+01 1.051891e-17) (7.704001e-01 6.270973e-02 -5.765774e-20) (0.000000e+00 0.000000e+00 0.000000e+00)) ((-1.038920e+01 -8.629265e-01 1.375310e+01) (-9.406460e-03 1.155600e-01 8.747988e-03) (0.000000e+00 0.000000e+00 0.000000e+00))
96           	((-5.773380e+00 6.931288e+01 1.054942e-17) (7.701593e-01 6.282367e-02 -5.801684e-20) (0.000000e+00 0.000000e+00 0.000000e+00)) ((-1.039693e+01 -8.660071e-01 1.376305e+01) (-9.423550e-03 1.155239e-01 8.736189e-03) (0.000000e+00 0.000000e+00 0.000000e+00))
97           	((-5.786794e+00 6.936378e+01 1.057444e-17) (7.699328e-01 6.281416e-02 -5.786241e-20) (0.000000e+00 0.000000e+00 0.000000e+00)) ((-1.040457e+01 -8.680191e-01 1.377556e+01) (-9.422124e-03 1.154899e-01 8.713658e-03) (0.000000e+00 0.000000e+00 0.000000e+00))
98           	((-5.796550e+00 6.941532e+01 1.059729e-17) (7.697270e-01 6.292336e-02 -5.817799e-20) (0.000000e+00 0.000000e+00 0.000000e+00)) ((-1.041230e+01 -8.694825e-01 1.378955e+01) (-9.438504e-03 1.154591e-01 8.702226e-03) (0.000000e+00 0.000000e+00 0.000000e+00))
99           	((-5.801255e+00 6.948404e+01 1.060085e-17) (7.695501e-01 6.290614e-02 -5.797299e-20) (0.000000e+00 0.000000e+00 0.000000e+00)) ((-1.042261e+01 -8.701883e-01 1.381159e+01) (-9.435921e-03 1.154325e-01 8.677851e-03) (0.000000e+00 0.000000e+00 0.000000e+00))
100          	((-5.822451e+00 6.955363e+01 1.063499e-17) (7.693713e-01 6.302078e-02 -5.833905e-20) (0.000000e+00 0.000000e+00 0.000000e+00)) ((-1.043304e+01 -8.733677e-01 1.383207e+01) (-9.453117e-03 1.154057e-01 8.664226e-03) (0.000000e+00 0.000000e+00 0.000000e+00))
101          	((-5.843003e+00 6.962862e+01 1.066677e-17) (7.692010e-01 6.298698e-02 -5.820410e-20) (0.000000e+00 0.000000e+00 0.000000e+00)) ((-1.044429e+01 -8.764504e-01 1.385350e+01) (-9.448047e-03 1.153801e-01 8.638509e-03) (0.000000e+00 0.000000e+00 0.000000e+00))
102          	((-5.853702e+00 6.967500e+01 1.068966e-17) (7.690390e-01 6.307502e-02 -5.852714e-20) (0.000000e+00 0.000000e+00 0.000000e+00)) ((-1.045125e+01 -8.780553e-01 1.386307e+01) (-9.461253e-03 1.153559e-01 8.624063e-03) (0.000000e+00 0.000000e+00 0.000000e+00))
103          	((-5.857312e+00 6.969831e+01 1.070482e-17) (7.689081e-01 6.303833e-02 -5.831881e-20) (0.000000e+00 0.000000e+00 0.000000e+00)) ((-1.045475e+01 -8.785967e-01 1.386595e+01) (-9.455750e-03 1.153362e-01 8.598284e-03) (0.000000e+00 0.000000e+00 0.000000e+00))
104          	((-5.866758e+00 6.972158e+01 1.072244e-17) (7.687944e-01 6.313162e-02 -5.862634e-20) (0.000000e+00 0.000000e+00 0.000000e+00)) ((-1.045824e+01 -8.800138e-01 1.387015e+01) (-9.469743e-03 1.153192e-01 8.585520e-03) (0.000000e+00 0.000000e+00 0.000000e+00))
105          	((-5.878265e+00 6.975451e+01 1.074184e-17) (7.686897e-01 6.310731e-02 -5.844717e-20) (0.000000e+00 0.000000e+00 0.000000e+00)) ((-1.046318e+01 -8.817398e-01 1.387953e+01) (-9.466097e-03 1.153035e-01 8.562189e-03) (0.000000e+00 0.000000e+00 0.000000e+00))
106          	((-5.889203e+00 6.980408e+01 1.076089e-17) (7.685806e-01 6.320568e-02 -5.877013e-20) (0.000000e+00 0.000000e+00 0.000000e+00)) ((-1.047061e+01 -8.833804e-01 1.389532e+01) (-9.480852e-03 1.152871e-01 8.550317e-03) (0.000000e+00 0.000000e+00 0.000000e+00))
107          	((-5.892202e+00 6.986281e+01 1.076430e-17) (7.684848e-01 6.317173e-02 -5.855544e-20) (0.000000e+00 0.000000e+00 0.000000e+00)) ((-1.047942e+01 -8.838304e-01 1.391565e+01) (-9.475760e-03 1.152727e-01 8.524764e-03) (0.000000e+00 0.000000e+00 0.000000e+00))
108          	((-5.904010e+00 6.990900e+01 1.078477e-17) (7.683922e-01 6.325983e-02 -5.888025e-20) (0.000000e+00 0.000000e+00 0.000000e+00)) ((-1.048635e+01 -8.856014e-01 1.392936e+01) (-9.488975e-03 1.152588e-01 8.509418e-03) (0.000000e+00 0.000000e+00 0.000000e+00))
109          	((-5.914000e+00 6.994540e+01 1.080267e-17) (7.683193e-01 6.320452e-02 -5.868565e-20) (0.000000e+00 0.000000e+00 0.000000e+00)) ((-1.049181e+01 -8.870999e-01 1.393875e+01) (-9.480678e-03 1.152479e-01 8.482290e-03) (0.000000e+00 0.000000e+00 0.000000e+00))
110          	((-5.924130e+00 6.997536e+01 1.081845e-17) (7.682522e-01 6.327565e-02 -5.899684e-20) (0.000000e+00 0.000000e+00 0.000000e+00)) ((-1.049630e+01 -8.886196e-01 1.394531e+01) (-9.491348e-03 1.152378e-01 8.468212e-03) (0.000000e+00 0.000000e+00 0.000000e+00))
111          	((-5.927542e+00 6.999467e+01 1.082856e-17) (7.682006e-01 6.322854e-02 -5.877702e-20) (0.000000e+00 0.000000e+00 0.000000e+00)) ((-1.049920e+01 -8.891312e-01 1.394989e+01) (-9.484281e-03 1.152301e-01 8.443881e-03) (0.000000e+00 0.000000e+00 0.000000e+00))
112          	((-5.932606e+00 7.001550e+01 1.083927e-17) (7.681554e-01 6.331106e-02 -5.906899e-20) (0.000000e+00 0.000000e+00 0.000000e+00)) ((-1.050233e+01 -8.898909e-01 1.395611e+01) (-9.496659e-03 1.152233e-01 8.432316e-03) (0.000000e+00 0.000000e+00 0.000000e+00))
113          	((-5.938466e+00 7.004079e+01 1.085065e-17) (7.681226e-01 6.326840e-02 -5.885946e-20) (0.000000e+00 0.000000e+00 0.000000e+00)) ((-1.050612e+01 -8.907699e-01 1.396493e+01) (-9.490260e-03 1.152184e-01 8.408617e-03) (0.000000e+00 0.000000e+00 0.000000e+00))
114          	((-5.945324e+00 7.007630e+01 1.086269e-17) (7.680872e-01 6.334727e-02 -5.916272e-20) (0.000000e+00 0.000000e+00 0.000000e+00)) ((-1.051145e+01 -8.917985e-01 1.397743e+01) (-9.502091e-03 1.152131e-01 8.395913e-03) (0.000000e+00 0.000000e+00 0.000000e+00))
115          	((-5.950113e+00 7.011855e+01 1.087243e-17) (7.680606e-01 6.329524e-02 -5.895074e-20) (0.000000e+00 0.000000e+00 0.000000e+00)) ((-1.051778e+01 -8.925169e-01 1.399296e+01) (-9.494286e-03 1.152091e-01 8.370484e-03) (0.000000e+00 0.000000e+00 0.000000e+00))
116          	((-5.955534e+00 7.015166e+01 1.088176e-17) (7.680347e-01 6.336596e-02 -5.924470e-20) (0.000000e+00 0.000000e+00 0.000000e+00)) ((-1.052275e+01 -8.933302e-01 1.400337e+01) (-9.504894e-03 1.152052e-01 8.356889e-03) (0.000000e+00 0.000000e+00 0.000000e+00))
117          	((-5.960332e+00 7.017299e+01 1.088986e-17) (7.680214e-01 6.330906e-02 -5.902250e-20) (0.000000e+00 0.000000e+00 0.000000e+00)) ((-1.052595e+01 -8.940498e-01 1.400896e+01) (-9.496359e-03 1.152032e-01 8.332213e-03) (0.000000e+00 0.000000e+00 0.000000e+00))
118          	((-5.966010e+00 7.018864e+01 1.089850e-17) (7.680085e-01 6.337850e-02 -5.931189e-20) (0.000000e+00 0.000000e+00 0.000000e+00)) ((-1.052830e+01 -8.949016e-01 1.401232e+01) (-9.506775e-03 1.152013e-01 8.320801e-03) (0.000000e+00 0.000000e+00 0.000000e+00))
119          	((-5.970227e+00 7.020853e+01 1.090590e-17) (7.680057e-01 6.332213e-02 -5.908720e-20) (0.000000e+00 0.000000e+00 0.000000e+00)) ((-1.053128e+01 -8.955340e-01 1.401891e+01) (-9.498320e-03 1.152009e-01 8.298461e-03) (0.000000e+00 0.000000e+00 0.000000e+00))
120          	((-5.974712e+00 7.023348e+01 1.091358e-17) (7.680000e-01 6.339246e-02 -5.937548e-20) (0.000000e+00 0.000000e+00 0.000000e+00)) ((-1.053502e+01 -8.962067e-01 1.402805e+01) (-9.508869e-03 1.152000e-01 8.288382e-03) (0.000000e+00 0.000000e+00 0.000000e+00))
121          	((-5.978060e+00 7.026045e+01 1.092040e-17) (7.680026e-01 6.333540e-02 -5.914855e-20) (0.000000e+00 0.000000e+00 0.000000e+00)) ((-1.053907e+01 -8.967089e-01 1.403871e+01) (-9.500310e-03 1.152004e-01 8.266130e-03) (0.000000e+00 0.000000e+00 0.000000e+00))
122          	((-5.982312e+00 7.028744e+01 1.092773e-17) (7.680019e-01 6.340323e-02 -5.943633e-20) (0.000000e+00 0.000000e+00 0.000000e+00)) ((-1.054312e+01 -8.973468e-01 1.404851e+01) (-9.510484e-03 1.152003e-01 8.255645e-03) (0.000000e+00 0.000000e+00 0.000000e+00))
123          	((-5.985817e+00 7.031178e+01 1.093429e-17) (7.680155e-01 6.334294e-02 -5.920975e-20) (0.000000e+00 0.000000e+00 0.000000e+00)) ((-1.054677e+01 -8.978726e-01 1.405736e+01) (-9.501442e-03 1.152023e-01 8.232849e-03) (0.000000e+00 0.000000e+00 0.000000e+00))
124          	((-5.990255e+00 7.033432e+01 1.094129e-17) (7.680243e-01 6.340848e-02 -5.949769e-20) (0.000000e+00 0.000000e+00 0.000000e+00)) ((-1.055015e+01 -8.985382e-01 1.406471e+01) (-9.511272e-03 1.152036e-01 8.222625e-03) (0.000000e+00 0.000000e+00 0.000000e+00))
125          	((-5.993608e+00 7.035367e+01 1.094722e-17) (7.680388e-01 6.334716e-02 -5.926795e-20) (0.000000e+00 0.000000e+00 0.000000e+00)) ((-1.055305e+01 -8.990412e-01 1.407124e+01) (-9.502074e-03 1.152058e-01 8.201151e-03) (0.000000e+00 0.000000e+00 0.000000e+00))
126          	((-5.997534e+00 7.037137e+01 1.095356e-17) (7.680484e-01 6.341245e-02 -5.955199e-20) (0.000000e+00 0.000000e+00 0.000000e+00)) ((-1.055571e+01 -8.996301e-01 1.407693e+01) (-9.511867e-03 1.152073e-01 8.192447e-03) (0.000000e+00 0.000000e+00 0.000000e+00))
127          	((-6.000282e+00 7.039345e+01 1.095891e-17) (7.680637e-01 6.335093e-02 -5.931876e-20) (0.000000e+00 0.000000e+00 0.000000e+00)) ((-1.055902e+01 -9.000422e-01 1.408550e+01) (-9.502639e-03 1.152096e-01 8.172354e-03) (0.000000e+00 0.000000e+00 0.000000e+00))
128          	((-6.004410e+00 7.041753e+01 1.096524e-17) (7.680719e-01 6.341669e-02 -5.960459e-20) (0.000000e+00 0.000000e+00 0.000000e+00)) ((-1.056263e+01 -9.006616e-01 1.409448e+01) (-9.512504e-03 1.152108e-01 8.164787e-03) (0.000000e+00 0.000000e+00 0.000000e+00))
129          	((-6.006498e+00 7.043994e+01 1.097020e-17) (7.680845e-01 6.335557e-02 -5.936847e-20) (0.000000e+00 0.000000e+00 0.000000e+00)) ((-1.056599e+01 -9.009747e-01 1.410308e+01) (-9.503335e-03 1.152127e-01 8.145611e-03) (0.000000e+00 0.000000e+00 0.000000e+00))
130          	((-6.010425e+00 7.046180e+01 1.097626e-17) (7.680904e-01 6.342052e-02 -5.965303e-20) (0.000000e+00 0.000000e+00 0.000000e+00)) ((-1.056927e+01 -9.015638e-01 1.411067e+01) (-9.513078e-03 1.152136e-01 8.138914e-03) (0.000000e+00 0.000000e+00 0.000000e+00))
131          	((-6.012783e+00 7.048192e+01 1.098130e-17) (7.681009e-01 6.335826e-02 -5.941723e-20) (0.000000e+00 0.000000e+00 0.000000e+00)) ((-1.057229e+01 -9.019175e-01 1.411798e+01) (-9.503739e-03 1.152151e-01 8.120754e-03) (0.000000e+00 0.000000e+00 0.000000e+00))
132          	((-6.016386e+00 7.050170e+01 1.098715e-17) (7.681044e-01 6.342282e-02 -5.970058e-20) (0.000000e+00 0.000000e+00 0.000000e+00)) ((-1.057526e+01 -9.024578e-01 1.412470e+01) (-9.513423e-03 1.152157e-01 8.115363e-03) (0.000000e+00 0.000000e+00 0.000000e+00))
133          	((-6.019159e+00 7.052031e+01 1.099230e-17) (7.681120e-01 6.336062e-02 -5.946521e-20) (0.000000e+00 0.000000e+00 0.000000e+00)) ((-1.057805e+01 -9.028738e-01 1.413154e+01) (-9.504093e-03 1.152168e-01 8.098694e-03) (0.000000e+00 0.000000e+00 0.000000e+00))
134          	((-6.023222e+00 7.054047e+01 1.099831e-17) (7.681108e-01 6.342615e-02 -5.975061e-20) (0.000000e+00 0.000000e+00 0.000000e+00)) ((-1.058107e+01 -9.034833e-01 1.413865e+01) (-9.513922e-03 1.152166e-01 8.094798e-03) (0.000000e+00 0.000000e+00 0.000000e+00))
135          	((-6.024842e+00 7.055919e+01 1.100265e-17) (7.681138e-01 6.336501e-02 -5.951046e-20) (0.000000e+00 0.000000e+00 0.000000e+00)) ((-1.058388e+01 -9.037263e-01 1.414573e+01) (-9.504752e-03 1.152171e-01 8.079421e-03) (0.000000e+00 0.000000e+00 0.000000e+00))
136          	((-6.028407e+00 7.058076e+01 1.100829e-17) (7.681093e-01 6.343102e-02 -5.979390e-20) (0.000000e+00 0.000000e+00 0.000000e+00)) ((-1.058711e+01 -9.042610e-01 1.415351e+01) (-9.514654e-03 1.152164e-01 8.076583e-03) (0.000000e+00 0.000000e+00 0.000000e+00))
137          	((-6.030457e+00 7.060036e+01 1.101301e-17) (7.681088e-01 6.337011e-02 -5.955458e-20) (0.000000e+00 0.000000e+00 0.000000e+00)) ((-1.059005e+01 -9.045685e-01 1.416077e+01) (-9.505516e-03 1.152163e-01 8.062182e-03) (0.000000e+00 0.000000e+00 0.000000e+00))
138          	((-6.034385e+00 7.062025e+01 1.101893e-17) (7.680990e-01 6.343646e-02 -5.983900e-20) (0.000000e+00 0.000000e+00 0.000000e+00)) ((-1.059304e+01 -9.051578e-01 1.416748e+01) (-9.515469e-03 1.152148e-01 8.060444e-03) (0.000000e+00 0.000000e+00 0.000000e+00))
139          	((-6.036544e+00 7.063913e+01 1.102376e-17) (7.680927e-01 6.337571e-02 -5.959937e-20) (0.000000e+00 0.000000e+00 0.000000e+00)) ((-1.059587e+01 -9.054815e-01 1.417429e+01) (-9.506356e-03 1.152139e-01 8.047263e-03) (0.000000e+00 0.000000e+00 0.000000e+00))
140          	((-6.040399e+00 7.065829e+01 1.102966e-17) (7.680774e-01 6.344267e-02 -5.988356e-20) (0.000000e+00 0.000000e+00 0.000000e+00)) ((-1.059874e+01 -9.060599e-01 1.418070e+01) (-9.516400e-03 1.152116e-01 8.046802e-03) (0.000000e+00 0.000000e+00 0.000000e+00))
141          	((-6.042197e+00 7.067527e+01 1.103414e-17) (7.680668e-01 6.338261e-02 -5.964130e-20) (0.000000e+00 0.000000e+00 0.000000e+00)) ((-1.060129e+01 -9.063295e-01 1.418673e+01) (-9.507391e-03 1.152100e-01 8.034837e-03) (0.000000e+00 0.000000e+00 0.000000e+00))
142          	((-6.046266e+00 7.069357e+01 1.104104e-17) (7.680476e-01 6.345038e-02 -5.992700e-20) (0.000000e+00 0.000000e+00 0.000000e+00)) ((-1.060404e+01 -9.069399e-01 1.419281e+01) (-9.517557e-03 1.152071e-01 8.035502e-03) (0.000000e+00 0.000000e+00 0.000000e+00))
143          	((-6.047731e+00 7.071119e+01 1.104503e-17) (7.680337e-01 6.339044e-02 -5.968276e-20) (0.000000e+00 0.000000e+00 0.000000e+00)) ((-1.060668e+01 -9.071596e-01 1.419922e+01) (-9.508567e-03 1.152051e-01 8.024547e-03) (0.000000e+00 0.000000e+00 0.000000e+00))
144          	((-6.051604e+00 7.073030e+01 1.105158e-17) (7.680098e-01 6.345998e-02 -5.996842e-20) (0.000000e+00 0.000000e+00 0.000000e+00)) ((-1.060954e+01 -9.077407e-01 1.420570e+01) (-9.518998e-03 1.152015e-01 8.026185e-03) (0.000000e+00 0.000000e+00 0.000000e+00))
145          	((-6.053232e+00 7.074781e+01 1.105560e-17) (7.679908e-01 6.340139e-02 -5.972399e-20) (0.000000e+00 0.000000e+00 0.000000e+00)) ((-1.061217e+01 -9.079847e-01 1.421188e+01) (-9.510208e-03 1.151986e-01 8.016152e-03) (0.000000e+00 0.000000e+00 0.000000e+00))
146          	((-6.057296e+00 7.076569e+01 1.106219e-17) (7.679616e-01 6.347169e-02 -6.001003e-20) (0.000000e+00 0.000000e+00 0.000000e+00)) ((-1.061485e+01 -9.085944e-01 1.421753e+01) (-9.520753e-03 1.151942e-01 8.018668e-03) (0.000000e+00 0.000000e+00 0.000000e+00))
147          	((-6.058951e+00 7.078181e+01 1.106613e-17) (7.679379e-01 6.341300e-02 -5.976439e-20) (0.000000e+00 0.000000e+00 0.000000e+00)) ((-1.061727e+01 -9.088427e-01 1.422294e+01) (-9.511949e-03 1.151907e-01 8.009452e-03) (0.000000e+00 0.000000e+00 0.000000e+00))
148          	((-6.062924e+00 7.079875e+01 1.107256e-17) (7.679046e-01 6.348333e-02 -6.004975e-20) (0.000000e+00 0.000000e+00 0.000000e+00)) ((-1.061981e+01 -9.094386e-01 1.422819e+01) (-9.522500e-03 1.151857e-01 8.012799e-03) (0.000000e+00 0.000000e+00 0.000000e+00))
149          	((-6.064887e+00 7.081504e+01 1.107667e-17) (7.678770e-01 6.342488e-02 -5.980435e-20) (0.000000e+00 0.000000e+00 0.000000e+00)) ((-1.062226e+01 -9.097331e-01 1.423376e+01) (-9.513731e-03 1.151815e-01 8.004420e-03) (0.000000e+00 0.000000e+00 0.000000e+00))
150          	((-6.068309e+00 7.083129e+01 1.108268e-17) (7.678400e-01 6.349629e-02 -6.008759e-20) (0.000000e+00 0.000000e+00 0.000000e+00)) ((-1.062469e+01 -9.102464e-01 1.423876e+01) (-9.524443e-03 1.151760e-01 8.008594e-03) (0.000000e+00 0.000000e+00 0.000000e+00))
151          	((-6.069737e+00 7.084644e+01 1.108640e-17) (7.678101e-01 6.343855e-02 -5.983920e-20) (0.000000e+00 0.000000e+00 0.000000e+00)) ((-1.062697e+01 -9.104605e-01 1.424381e+01) (-9.515782e-03 1.151715e-01 8.000911e-03) (0.000000e+00 0.000000e+00 0.000000e+00))
152          	((-6.073820e+00 7.086264e+01 1.109290e-17) (7.677704e-01 6.351050e-02 -6.012526e-20) (0.000000e+00 0.000000e+00 0.000000e+00)) ((-1.062940e+01 -9.110730e-01 1.424868e+01) (-9.526575e-03 1.151656e-01 8.005683e-03) (0.000000e+00 0.000000e+00 0.000000e+00))
153          	((-6.075852e+00 7.087793e+01 1.109702e-17) (7.677365e-01 6.345305e-02 -5.987882e-20) (0.000000e+00 0.000000e+00 0.000000e+00)) ((-1.063169e+01 -9.113778e-01 1.425367e+01) (-9.517958e-03 1.151605e-01 7.998544e-03) (0.000000e+00 0.000000e+00 0.000000e+00))
154          	((-6.079190e+00 7.089282e+01 1.110290e-17) (7.676927e-01 6.352558e-02 -6.016222e-20) (0.000000e+00 0.000000e+00 0.000000e+00)) ((-1.063392e+01 -9.118785e-01 1.425792e+01) (-9.528837e-03 1.151539e-01 8.003855e-03) (0.000000e+00 0.000000e+00 0.000000e+00))
155          	((-6.080864e+00 7.090678e+01 1.110669e-17) (7.676570e-01 6.346809e-02 -5.991320e-20) (0.000000e+00 0.000000e+00 0.000000e+00)) ((-1.063602e+01 -9.121296e-01 1.426236e+01) (-9.520214e-03 1.151485e-01 7.997190e-03) (0.000000e+00 0.000000e+00 0.000000e+00))
156          	((-6.084399e+00 7.092115e+01 1.111264e-17) (7.676118e-01 6.354094e-02 -6.019716e-20) (0.000000e+00 0.000000e+00 0.000000e+00)) ((-1.063817e+01 -9.126598e-01 1.426642e+01) (-9.531141e-03 1.151418e-01 8.002981e-03) (0.000000e+00 0.000000e+00 0.000000e+00))
157          	((-6.086199e+00 7.093470e+01 1.111646e-17) (7.675744e-01 6.348383e-02 -5.994772e-20) (0.000000e+00 0.000000e+00 0.000000e+00)) ((-1.064021e+01 -9.129299e-01 1.427066e+01) (-9.522574e-03 1.151362e-01 7.996786e-03) (0.000000e+00 0.000000e+00 0.000000e+00))
158          	((-6.089657e+00 7.094871e+01 1.112234e-17) (7.675270e-01 6.355729e-02 -6.023166e-20) (0.000000e+00 0.000000e+00 0.000000e+00)) ((-1.064231e+01 -9.134485e-01 1.427455e+01) (-9.533593e-03 1.151290e-01 8.003012e-03) (0.000000e+00 0.000000e+00 0.000000e+00))
159          	((-6.091513e+00 7.096175e+01 1.112663e-17) (7.674880e-01 6.350012e-02 -5.998209e-20) (0.000000e+00 0.000000e+00 0.000000e+00)) ((-1.064426e+01 -9.137269e-01 1.427855e+01) (-9.525019e-03 1.151232e-01 7.997125e-03) (0.000000e+00 0.000000e+00 0.000000e+00))
160          	((-6.094601e+00 7.097489e+01 1.113196e-17) (7.674397e-01 6.357335e-02 -6.026443e-20) (0.000000e+00 0.000000e+00 0.000000e+00)) ((-1.064623e+01 -9.141902e-01 1.428206e+01) (-9.536002e-03 1.151160e-01 8.003594e-03) (0.000000e+00 0.000000e+00 0.000000e+00))
161          	((-6.096367e+00 7.098694e+01 1.113595e-17) (7.674004e-01 6.351644e-02 -6.001357e-20) (0.000000e+00 0.000000e+00 0.000000e+00)) ((-1.064804e+01 -9.144551e-01 1.428566e+01) (-9.527467e-03 1.151101e-01 7.997933e-03) (0.000000e+00 0.000000e+00 0.000000e+00))
162          	((-6.099521e+00 7.099933e+01 1.114118e-17) (7.673511e-01 6.359034e-02 -6.029620e-20) (0.000000e+00 0.000000e+00 0.000000e+00)) ((-1.064990e+01 -9.149281e-01 1.428884e+01) (-9.538551e-03 1.151027e-01 8.004703e-03) (0.000000e+00 0.000000e+00 0.000000e+00))
163          	((-6.101304e+00 7.101094e+01 1.114510e-17) (7.673110e-01 6.353356e-02 -6.004466e-20) (0.000000e+00 0.000000e+00 0.000000e+00)) ((-1.065164e+01 -9.151956e-01 1.429223e+01) (-9.530034e-03 1.150967e-01 7.999316e-03) (0.000000e+00 0.000000e+00 0.000000e+00))
164          	((-6.104351e+00 7.102296e+01 1.115017e-17) (7.672611e-01 6.360752e-02 -6.032717e-20) (0.000000e+00 0.000000e+00 0.000000e+00)) ((-1.065344e+01 -9.156527e-01 1.429527e+01) (-9.541128e-03 1.150892e-01 8.006295e-03) (0.000000e+00 0.000000e+00 0.000000e+00))
165          	((-6.106022e+00 7.103406e+01 1.115391e-17) (7.672213e-01 6.355022e-02 -6.007437e-20) (0.000000e+00 0.000000e+00 0.000000e+00)) ((-1.065511e+01 -9.159033e-01 1.429848e+01) (-9.532532e-03 1.150832e-01 8.001005e-03) (0.000000e+00 0.000000e+00 0.000000e+00))
166          	((-6.109147e+00 7.104552e+01 1.115892e-17) (7.671712e-01 6.362407e-02 -6.035730e-20) (0.000000e+00 0.000000e+00 0.000000e+00)) ((-1.065683e+01 -9.163720e-01 1.430132e+01) (-9.543610e-03 1.150757e-01 8.008076e-03) (0.000000e+00 0.000000e+00 0.000000e+00))
167          	((-6.110408e+00 7.105556e+01 1.116190e-17) (7.671320e-01 6.356659e-02 -6.010166e-20) (0.000000e+00 0.000000e+00 0.000000e+00)) ((-1.065833e+01 -9.165613e-01 1.430413e+01) (-9.534988e-03 1.150698e-01 8.002875e-03) (0.000000e+00 0.000000e+00 0.000000e+00))
168          	((-6.113477e+00 7.106548e+01 1.116694e-17) (7.670823e-01 6.364091e-02 -6.038458e-20) (0.000000e+00 0.000000e+00 0.000000e+00)) ((-1.065982e+01 -9.170216e-01 1.430634e+01) (-9.546137e-03 1.150623e-01 8.010079e-03) (0.000000e+00 0.000000e+00 0.000000e+00))
169          	((-6.115139e+00 7.107612e+01 1.117063e-17) (7.670439e-01 6.358274e-02 -6.013018e-20) (0.000000e+00 0.000000e+00 0.000000e+00)) ((-1.066142e+01 -9.172708e-01 1.430941e+01) (-9.537411e-03 1.150566e-01 8.004967e-03) (0.000000e+00 0.000000e+00 0.000000e+00))
170          	((-6.117920e+00 7.108615e+01 1.117528e-17) (7.669948e-01 6.365671e-02 -6.041238e-20) (0.000000e+00 0.000000e+00 0.000000e+00)) ((-1.066292e+01 -9.176879e-01 1.431171e+01) (-9.548507e-03 1.150492e-01 8.012213e-03) (0.000000e+00 0.000000e+00 0.000000e+00))
171          	((-6.119265e+00 7.109579e+01 1.117852e-17) (7.669577e-01 6.359841e-02 -6.015595e-20) (0.000000e+00 0.000000e+00 0.000000e+00)) ((-1.066437e+01 -9.178898e-01 1.431443e+01) (-9.539762e-03 1.150437e-01 8.007079e-03) (0.000000e+00 0.000000e+00 0.000000e+00))
172          	((-6.121960e+00 7.110453e+01 1.118292e-17) (7.669096e-01 6.367274e-02 -6.043786e-20) (0.000000e+00 0.000000e+00 0.000000e+00)) ((-1.066568e+01 -9.182940e-01 1.431625e+01) (-9.550911e-03 1.150364e-01 8.014351e-03) (0.000000e+00 0.000000e+00 0.000000e+00))
173          	((-6.123215e+00 7.111322e+01 1.118566e-17) (7.668740e-01 6.361424e-02 -6.017986e-20) (0.000000e+00 0.000000e+00 0.000000e+00)) ((-1.066698e+01 -9.184822e-01 1.431858e+01) (-9.542136e-03 1.150311e-01 8.009239e-03) (0.000000e+00 0.000000e+00 0.000000e+00))
174          	((-6.126056e+00 7.112174e+01 1.119021e-17) (7.668266e-01 6.368880e-02 -6.046285e-20) (0.000000e+00 0.000000e+00 0.000000e+00)) ((-1.066826e+01 -9.189084e-01 1.432034e+01) (-9.553320e-03 1.150240e-01 8.016548e-03) (0.000000e+00 0.000000e+00 0.000000e+00))
175          	((-6.127239e+00 7.113044e+01 1.119291e-17) (7.667925e-01 6.362933e-02 -6.020384e-20) (0.000000e+00 0.000000e+00 0.000000e+00)) ((-1.066957e+01 -9.190859e-01 1.432274e+01) (-9.544399e-03 1.150189e-01 8.011389e-03) (0.000000e+00 0.000000e+00 0.000000e+00))
176          	((-6.129874e+00 7.113865e+01 1.119724e-17) (7.667464e-01 6.370345e-02 -6.048638e-20) (0.000000e+00 0.000000e+00 0.000000e+00)) ((-1.067080e+01 -9.194811e-01 1.432444e+01) (-9.555518e-03 1.150120e-01 8.018626e-03) (0.000000e+00 0.000000e+00 0.000000e+00))
177          	((-6.130921e+00 7.114648e+01 1.119976e-17) (7.667146e-01 6.364332e-02 -6.022590e-20) (0.000000e+00 0.000000e+00 0.000000e+00)) ((-1.067197e+01 -9.196382e-01 1.432656e+01) (-9.546497e-03 1.150072e-01 8.013365e-03) (0.000000e+00 0.000000e+00 0.000000e+00))
178          	((-6.133466e+00 7.115380e+01 1.120389e-17) (7.666700e-01 6.371760e-02 -6.050834e-20) (0.000000e+00 0.000000e+00 0.000000e+00)) ((-1.067307e+01 -9.200199e-01 1.432796e+01) (-9.557641e-03 1.150005e-01 8.020577e-03) (0.000000e+00 0.000000e+00 0.000000e+00))
179          	((-6.134458e+00 7.116087e+01 1.120628e-17) (7.666403e-01 6.365721e-02 -6.024688e-20) (0.000000e+00 0.000000e+00 0.000000e+00)) ((-1.067413e+01 -9.201687e-01 1.432980e+01) (-9.548581e-03 1.149960e-01 8.015284e-03) (0.000000e+00 0.000000e+00 0.000000e+00))
180          	((-6.136897e+00 7.116780e+01 1.121022e-17) (7.665971e-01 6.373164e-02 -6.052940e-20) (0.000000e+00 0.000000e+00 0.000000e+00)) ((-1.067517e+01 -9.205345e-01 1.433110e+01) (-9.559746e-03 1.149896e-01 8.022473e-03) (0.000000e+00 0.000000e+00 0.000000e+00))
181          	((-6.137783e+00 7.117460e+01 1.121246e-17) (7.665697e-01 6.367057e-02 -6.026679e-20) (0.000000e+00 0.000000e+00 0.000000e+00)) ((-1.067619e+01 -9.206674e-01 1.433291e+01) (-9.550586e-03 1.149855e-01 8.017069e-03) (0.000000e+00 0.000000e+00 0.000000e+00))
182          	((-6.140104e+00 7.118122e+01 1.121620e-17) (7.665282e-01 6.374483e-02 -6.054924e-20) (0.000000e+00 0.000000e+00 0.000000e+00)) ((-1.067718e+01 -9.210156e-01 1.433416e+01) (-9.561725e-03 1.149792e-01 8.024153e-03) (0.000000e+00 0.000000e+00 0.000000e+00))
183          	((-6.140916e+00 7.118747e+01 1.121829e-17) (7.665032e-01 6.368302e-02 -6.028543e-20) (0.000000e+00 0.000000e+00 0.000000e+00)) ((-1.067812e+01 -9.211375e-01 1.433581e+01) (-9.552453e-03 1.149755e-01 8.018616e-03) (0.000000e+00 0.000000e+00 0.000000e+00))
184          	((-6.143136e+00 7.119351e+01 1.122182e-17) (7.664634e-01 6.375727e-02 -6.056782e-20) (0.000000e+00 0.000000e+00 0.000000e+00)) ((-1.067903e+01 -9.214704e-01 1.433687e+01) (-9.563591e-03 1.149695e-01 8.025633e-03) (0.000000e+00 0.000000e+00 0.000000e+00))
185          	((-6.143867e+00 7.119911e+01 1.122375e-17) (7.664410e-01 6.369486e-02 -6.030281e-20) (0.000000e+00 0.000000e+00 0.000000e+00)) ((-1.067987e+01 -9.215801e-01 1.433832e+01) (-9.554228e-03 1.149661e-01 8.020001e-03) (0.000000e+00 0.000000e+00 0.000000e+00))
186          	((-6.145976e+00 7.120468e+01 1.122707e-17) (7.664028e-01 6.376914e-02 -6.058521e-20) (0.000000e+00 0.000000e+00 0.000000e+00)) ((-1.068070e+01 -9.218964e-01 1.433927e+01) (-9.565371e-03 1.149604e-01 8.026952e-03) (0.000000e+00 0.000000e+00 0.000000e+00))
187          	((-6.146618e+00 7.120986e+01 1.122885e-17) (7.663830e-01 6.370600e-02 -6.031901e-20) (0.000000e+00 0.000000e+00 0.000000e+00)) ((-1.068148e+01 -9.219926e-01 1.434063e+01) (-9.555900e-03 1.149575e-01 8.021190e-03) (0.000000e+00 0.000000e+00 0.000000e+00))
188          	((-6.148617e+00 7.121509e+01 1.123196e-17) (7.663465e-01 6.378026e-02 -6.060147e-20) (0.000000e+00 0.000000e+00 0.000000e+00)) ((-1.068226e+01 -9.222926e-01 1.434151e+01) (-9.567039e-03 1.149520e-01 8.028042e-03) (0.000000e+00 0.000000e+00 0.000000e+00))
189          	((-6.149003e+00 7.121950e+01 1.123344e-17) (7.663296e-01 6.371635e-02 -6.033332e-20) (0.000000e+00 0.000000e+00 0.000000e+00)) ((-1.068292e+01 -9.223505e-01 1.434264e+01) (-9.557453e-03 1.149494e-01 8.022137e-03) (0.000000e+00 0.000000e+00 0.000000e+00))
190          	((-6.151125e+00 7.122478e+01 1.123655e-17) (7.662948e-01 6.379058e-02 -6.061686e-20) (0.000000e+00 0.000000e+00 0.000000e+00)) ((-1.068372e+01 -9.226687e-01 1.434361e+01) (-9.568587e-03 1.149442e-01 8.028905e-03) (0.000000e+00 0.000000e+00 0.000000e+00))
191          	((-6.151498e+00 7.122900e+01 1.123793e-17) (7.662805e-01 6.372591e-02 -6.034780e-20) (0.000000e+00 0.000000e+00 0.000000e+00)) ((-1.068435e+01 -9.227246e-01 1.434471e+01) (-9.558887e-03 1.149421e-01 8.022865e-03) (0.000000e+00 0.000000e+00 0.000000e+00))
192          	((-6.153417e+00 7.123364e+01 1.124076e-17) (7.662471e-01 6.380022e-02 -6.063107e-20) (0.000000e+00 0.000000e+00 0.000000e+00)) ((-1.068505e+01 -9.230125e-01 1.434547e+01) (-9.570033e-03 1.149371e-01 8.029548e-03) (0.000000e+00 0.000000e+00 0.000000e+00))
193          	((-6.153664e+00 7.123706e+01 1.124195e-17) (7.662355e-01 6.373472e-02 -6.036051e-20) (0.000000e+00 0.000000e+00 0.000000e+00)) ((-1.068556e+01 -9.230496e-01 1.434633e+01) (-9.560209e-03 1.149353e-01 8.023367e-03) (0.000000e+00 0.000000e+00 0.000000e+00))
194          	((-6.155469e+00 7.124124e+01 1.124456e-17) (7.662040e-01 6.380906e-02 -6.064381e-20) (0.000000e+00 0.000000e+00 0.000000e+00)) ((-1.068619e+01 -9.233204e-01 1.434699e+01) (-9.571359e-03 1.149306e-01 8.029963e-03) (0.000000e+00 0.000000e+00 0.000000e+00))
195          	((-6.155678e+00 7.124448e+01 1.124564e-17) (7.661952e-01 6.374279e-02 -6.037217e-20) (0.000000e+00 0.000000e+00 0.000000e+00)) ((-1.068667e+01 -9.233517e-01 1.434785e+01) (-9.561418e-03 1.149293e-01 8.023652e-03) (0.000000e+00 0.000000e+00 0.000000e+00))
196          	((-6.157431e+00 7.124875e+01 1.124816e-17) (7.661651e-01 6.381727e-02 -6.065601e-20) (0.000000e+00 0.000000e+00 0.000000e+00)) ((-1.068731e+01 -9.236147e-01 1.434860e+01) (-9.572590e-03 1.149248e-01 8.030169e-03) (0.000000e+00 0.000000e+00 0.000000e+00))
197          	((-6.157504e+00 7.125176e+01 1.124901e-17) (7.661590e-01 6.375016e-02 -6.038291e-20) (0.000000e+00 0.000000e+00 0.000000e+00)) ((-1.068776e+01 -9.236256e-01 1.434944e+01) (-9.562524e-03 1.149239e-01 8.023712e-03) (0.000000e+00 0.000000e+00 0.000000e+00))
198          	((-6.159060e+00 7.125496e+01 1.125119e-17) (7.661304e-01 6.382483e-02 -6.066643e-20) (0.000000e+00 0.000000e+00 0.000000e+00)) ((-1.068824e+01 -9.238590e-01 1.434983e+01) (-9.573724e-03 1.149196e-01 8.030140e-03) (0.000000e+00 0.000000e+00 0.000000e+00))
199          	((-6.159160e+00 7.125755e+01 1.125200e-17) (7.661270e-01 6.375686e-02 -6.039244e-20) (0.000000e+00 0.000000e+00 0.000000e+00)) ((-1.068863e+01 -9.238739e-01 1.435054e+01) (-9.563529e-03 1.149191e-01 8.023561e-03) (0.000000e+00 0.000000e+00 0.000000e+00))
200          	((-6.160748e+00 7.126094e+01 1.125421e-17) (7.660997e-01 6.383158e-02 -6.067687e-20) (0.000000e+00 0.000000e+00 0.000000e+00)) ((-1.068914e+01 -9.241122e-01 1.435104e+01) (-9.574737e-03 1.149150e-01 8.029922e-03) (0.000000e+00 0.000000e+00 0.000000e+00))
201          	((-6.160717e+00 7.126333e+01 1.125484e-17) (7.660990e-01 6.376266e-02 -6.040141e-20) (0.000000e+00 0.000000e+00 0.000000e+00)) ((-1.068950e+01 -9.241075e-01 1.435176e+01) (-9.564399e-03 1.149149e-01 8.023207e-03) (0.000000e+00 0.000000e+00 0.000000e+00))
202          	((-6.162129e+00 7.126633e+01 1.125679e-17) (7.660730e-01 6.383763e-02 -6.068583e-20) (0.000000e+00 0.000000e+00 0.000000e+00)) ((-1.068995e+01 -9.243193e-01 1.435220e+01) (-9.575644e-03 1.149109e-01 8.029503e-03) (0.000000e+00 0.000000e+00 0.000000e+00))
203          	((-6.162005e+00 7.126829e+01 1.125717e-17) (7.660749e-01 6.376796e-02 -6.040889e-20) (0.000000e+00 0.000000e+00 0.000000e+00)) ((-1.069024e+01 -9.243008e-01 1.435280e+01) (-9.565194e-03 1.149112e-01 8.022674e-03) (0.000000e+00 0.000000e+00 0.000000e+00))
204          	((-6.163375e+00 7.127087e+01 1.125898e-17) (7.660500e-01 6.384329e-02 -6.069380e-20) (0.000000e+00 0.000000e+00 0.000000e+00)) ((-1.069063e+01 -9.245063e-01 1.435312e+01) (-9.576494e-03 1.149075e-01 8.028923e-03) (0.000000e+00 0.000000e+00 0.000000e+00))
205          	((-6.163280e+00 7.127286e+01 1.125936e-17) (7.660541e-01 6.377272e-02 -6.041609e-20) (0.000000e+00 0.000000e+00 0.000000e+00)) ((-1.069093e+01 -9.244920e-01 1.435375e+01) (-9.565908e-03 1.149081e-01 8.021985e-03) (0.000000e+00 0.000000e+00 0.000000e+00))
206          	((-6.164657e+00 7.127565e+01 1.126121e-17) (7.660282e-01 6.384791e-02 -6.070205e-20) (0.000000e+00 0.000000e+00 0.000000e+00)) ((-1.069135e+01 -9.246986e-01 1.435419e+01) (-9.577186e-03 1.149042e-01 8.028206e-03) (0.000000e+00 0.000000e+00 0.000000e+00))
207          	((-6.164418e+00 7.127735e+01 1.126154e-17) (7.660372e-01 6.377631e-02 -6.042272e-20) (0.000000e+00 0.000000e+00 0.000000e+00)) ((-1.069160e+01 -9.246627e-01 1.435479e+01) (-9.566447e-03 1.149056e-01 8.021130e-03) (0.000000e+00 0.000000e+00 0.000000e+00))
208          	((-6.165514e+00 7.127920e+01 1.126290e-17) (7.660123e-01 6.385178e-02 -6.070800e-20) (0.000000e+00 0.000000e+00 0.000000e+00)) ((-1.069188e+01 -9.248270e-01 1.435498e+01) (-9.577766e-03 1.149018e-01 8.027328e-03) (0.000000e+00 0.000000e+00 0.000000e+00))
209          	((-6.165328e+00 7.128070e+01 1.126325e-17) (7.660214e-01 6.377969e-02 -6.042821e-20) (0.000000e+00 0.000000e+00 0.000000e+00)) ((-1.069210e+01 -9.247992e-01 1.435549e+01) (-9.566953e-03 1.149032e-01 8.020231e-03) (0.000000e+00 0.000000e+00 0.000000e+00))
210          	((-6.166526e+00 7.128305e+01 1.126478e-17) (7.659973e-01 6.385548e-02 -6.071487e-20) (0.000000e+00 0.000000e+00 0.000000e+00)) ((-1.069246e+01 -9.249790e-01 1.435578e+01) (-9.578322e-03 1.148996e-01 8.026429e-03) (0.000000e+00 0.000000e+00 0.000000e+00))
211          	((-6.166205e+00 7.128406e+01 1.126483e-17) (7.660112e-01 6.378257e-02 -6.043323e-20) (0.000000e+00 0.000000e+00 0.000000e+00)) ((-1.069261e+01 -9.249308e-01 1.435621e+01) (-9.567386e-03 1.149017e-01 8.019199e-03) (0.000000e+00 0.000000e+00 0.000000e+00))
212          	((-6.167300e+00 7.128588e+01 1.126619e-17) (7.659872e-01 6.385887e-02 -6.072025e-20) (0.000000e+00 0.000000e+00 0.000000e+00)) ((-1.069288e+01 -9.250950e-01 1.435643e+01) (-9.578831e-03 1.148981e-01 8.025399e-03) (0.000000e+00 0.000000e+00 0.000000e+00))
213          	((-6.167037e+00 7.128668e+01 1.126647e-17) (7.660026e-01 6.378535e-02 -6.043810e-20) (0.000000e+00 0.000000e+00 0.000000e+00)) ((-1.069300e+01 -9.250555e-01 1.435683e+01) (-9.567803e-03 1.149004e-01 8.018147e-03) (0.000000e+00 0.000000e+00 0.000000e+00))
214          	((-6.167935e+00 7.128855e+01 1.126748e-17) (7.659788e-01 6.386188e-02 -6.072501e-20) (0.000000e+00 0.000000e+00 0.000000e+00)) ((-1.069328e+01 -9.251902e-01 1.435709e+01) (-9.579282e-03 1.148968e-01 8.024365e-03) (0.000000e+00 0.000000e+00 0.000000e+00))
215          	((-6.167571e+00 7.128962e+01 1.126739e-17) (7.659959e-01 6.378778e-02 -6.044151e-20) (0.000000e+00 0.000000e+00 0.000000e+00)) ((-1.069344e+01 -9.251357e-01 1.435759e+01) (-9.568166e-03 1.148994e-01 8.017024e-03) (0.000000e+00 0.000000e+00 0.000000e+00))
216          	((-6.168632e+00 7.129154e+01 1.126863e-17) (7.659720e-01 6.386470e-02 -6.072991e-20) (0.000000e+00 0.000000e+00 0.000000e+00)) ((-1.069373e+01 -9.252948e-01 1.435784e+01) (-9.579705e-03 1.148958e-01 8.023208e-03) (0.000000e+00 0.000000e+00 0.000000e+00))
217          	((-6.168239e+00 7.129213e+01 1.126851e-17) (7.659909e-01 6.378951e-02 -6.044525e-20) (0.000000e+00 0.000000e+00 0.000000e+00)) ((-1.069382e+01 -9.252358e-01 1.435818e+01) (-9.568426e-03 1.148986e-01 8.015792e-03) (0.000000e+00 0.000000e+00 0.000000e+00))
218          	((-6.169161e+00 7.129338e+01 1.126945e-17) (7.659673e-01 6.386660e-02 -6.073358e-20) (0.000000e+00 0.000000e+00 0.000000e+00)) ((-1.069401e+01 -9.253742e-01 1.435827e+01) (-9.579991e-03 1.148951e-01 8.022011e-03) (0.000000e+00 0.000000e+00 0.000000e+00))
219          	((-6.168732e+00 7.129407e+01 1.126933e-17) (7.659877e-01 6.379088e-02 -6.044811e-20) (0.000000e+00 0.000000e+00 0.000000e+00)) ((-1.069411e+01 -9.253098e-01 1.435866e+01) (-9.568631e-03 1.148982e-01 8.014599e-03) (0.000000e+00 0.000000e+00 0.000000e+00))
220          	((-6.169675e+00 7.129554e+01 1.127032e-17) (7.659642e-01 6.386828e-02 -6.073726e-20) (0.000000e+00 0.000000e+00 0.000000e+00)) ((-1.069433e+01 -9.254512e-01 1.435884e+01) (-9.580242e-03 1.148946e-01 8.020834e-03) (0.000000e+00 0.000000e+00 0.000000e+00))
221          	((-6.169234e+00 7.129639e+01 1.127017e-17) (7.659861e-01 6.379191e-02 -6.045101e-20) (0.000000e+00 0.000000e+00 0.000000e+00)) ((-1.069446e+01 -9.253850e-01 1.435933e+01) (-9.568786e-03 1.148979e-01 8.013349e-03) (0.000000e+00 0.000000e+00 0.000000e+00))
222          	((-6.170153e+00 7.129800e+01 1.127123e-17) (7.659626e-01 6.386964e-02 -6.074095e-20) (0.000000e+00 0.000000e+00 0.000000e+00)) ((-1.069470e+01 -9.255229e-01 1.435956e+01) (-9.580446e-03 1.148944e-01 8.019581e-03) (0.000000e+00 0.000000e+00 0.000000e+00))
223          	((-6.169744e+00 7.129802e+01 1.127146e-17) (7.659862e-01 6.379257e-02 -6.045428e-20) (0.000000e+00 0.000000e+00 0.000000e+00)) ((-1.069470e+01 -9.254616e-01 1.435975e+01) (-9.568885e-03 1.148979e-01 8.012057e-03) (0.000000e+00 0.000000e+00 0.000000e+00))
224          	((-6.170406e+00 7.129903e+01 1.127188e-17) (7.659631e-01 6.387042e-02 -6.074328e-20) (0.000000e+00 0.000000e+00 0.000000e+00)) ((-1.069485e+01 -9.255609e-01 1.435988e+01) (-9.580563e-03 1.148945e-01 8.018341e-03) (0.000000e+00 0.000000e+00 0.000000e+00))
225          	((-6.169891e+00 7.129936e+01 1.127153e-17) (7.659873e-01 6.379364e-02 -6.045544e-20) (0.000000e+00 0.000000e+00 0.000000e+00)) ((-1.069490e+01 -9.254836e-01 1.436022e+01) (-9.569045e-03 1.148981e-01 8.010857e-03) (0.000000e+00 0.000000e+00 0.000000e+00))
226          	((-6.170755e+00 7.130105e+01 1.127225e-17) (7.659631e-01 6.387231e-02 -6.074624e-20) (0.000000e+00 0.000000e+00 0.000000e+00)) ((-1.069516e+01 -9.256132e-01 1.436048e+01) (-9.580846e-03 1.148945e-01 8.017179e-03) (0.000000e+00 0.000000e+00 0.000000e+00))
227          	((-6.170426e+00 7.130134e+01 1.127250e-17) (7.659882e-01 6.379436e-02 -6.045868e-20) (0.000000e+00 0.000000e+00 0.000000e+00)) ((-1.069520e+01 -9.255639e-01 1.436076e+01) (-9.569154e-03 1.148982e-01 8.009587e-03) (0.000000e+00 0.000000e+00 0.000000e+00))
228          	((-6.171130e+00 7.130254e+01 1.127298e-17) (7.659644e-01 6.387230e-02 -6.074890e-20) (0.000000e+00 0.000000e+00 0.000000e+00)) ((-1.069538e+01 -9.256694e-01 1.436095e+01) (-9.580845e-03 1.148947e-01 8.015864e-03) (0.000000e+00 0.000000e+00 0.000000e+00))
229          	((-6.170509e+00 7.130269e+01 1.127261e-17) (7.659905e-01 6.379405e-02 -6.045935e-20) (0.000000e+00 0.000000e+00 0.000000e+00)) ((-1.069540e+01 -9.255763e-01 1.436124e+01) (-9.569107e-03 1.148986e-01 8.008306e-03) (0.000000e+00 0.000000e+00 0.000000e+00))
230          	((-6.171422e+00 7.130434e+01 1.127352e-17) (7.659664e-01 6.387296e-02 -6.075137e-20) (0.000000e+00 0.000000e+00 0.000000e+00)) ((-1.069565e+01 -9.257132e-01 1.436158e+01) (-9.580944e-03 1.148950e-01 8.014706e-03) (0.000000e+00 0.000000e+00 0.000000e+00))
231          	((-6.170831e+00 7.130430e+01 1.127317e-17) (7.659934e-01 6.379438e-02 -6.046128e-20) (0.000000e+00 0.000000e+00 0.000000e+00)) ((-1.069565e+01 -9.256246e-01 1.436179e+01) (-9.569157e-03 1.148990e-01 8.007172e-03) (0.000000e+00 0.000000e+00 0.000000e+00))
232          	((-6.171518e+00 7.130506e+01 1.127339e-17) (7.659688e-01 6.387367e-02 -6.075233e-20) (0.000000e+00 0.000000e+00 0.000000e+00)) ((-1.069576e+01 -9.257278e-01 1.436187e+01) (-9.581051e-03 1.148953e-01 8.013596e-03) (0.000000e+00 0.000000e+00 0.000000e+00))
233          	((-6.171138e+00 7.130528e+01 1.127361e-17) (7.659954e-01 6.379494e-02 -6.046328e-20) (0.000000e+00 0.000000e+00 0.000000e+00)) ((-1.069579e+01 -9.256707e-01 1.436209e+01) (-9.569242e-03 1.148993e-01 8.006066e-03) (0.000000e+00 0.000000e+00 0.000000e+00))
234          	((-6.171856e+00 7.130664e+01 1.127416e-17) (7.659708e-01 6.387355e-02 -6.075504e-20) (0.000000e+00 0.000000e+00 0.000000e+00)) ((-1.069600e+01 -9.257783e-01 1.436229e+01) (-9.581032e-03 1.148956e-01 8.012460e-03) (0.000000e+00 0.000000e+00 0.000000e+00))
235          	((-6.171224e+00 7.130683e+01 1.127380e-17) (7.659988e-01 6.379410e-02 -6.046419e-20) (0.000000e+00 0.000000e+00 0.000000e+00)) ((-1.069602e+01 -9.256836e-01 1.436263e+01) (-9.569114e-03 1.148998e-01 8.004868e-03) (0.000000e+00 0.000000e+00 0.000000e+00))
236          	((-6.171989e+00 7.130803e+01 1.127435e-17) (7.659740e-01 6.387359e-02 -6.075650e-20) (0.000000e+00 0.000000e+00 0.000000e+00)) ((-1.069620e+01 -9.257983e-01 1.436289e+01) (-9.581039e-03 1.148961e-01 8.011366e-03) (0.000000e+00 0.000000e+00 0.000000e+00))
237          	((-6.171443e+00 7.130813e+01 1.127407e-17) (7.660021e-01 6.379437e-02 -6.046548e-20) (0.000000e+00 0.000000e+00 0.000000e+00)) ((-1.069622e+01 -9.257165e-01 1.436319e+01) (-9.569155e-03 1.149003e-01 8.003908e-03) (0.000000e+00 0.000000e+00 0.000000e+00))
238          	((-6.172299e+00 7.130931e+01 1.127481e-17) (7.659766e-01 6.387415e-02 -6.075870e-20) (0.000000e+00 0.000000e+00 0.000000e+00)) ((-1.069640e+01 -9.258449e-01 1.436337e+01) (-9.581123e-03 1.148965e-01 8.010485e-03) (0.000000e+00 0.000000e+00 0.000000e+00))
239          	((-6.171598e+00 7.130930e+01 1.127435e-17) (7.660049e-01 6.379432e-02 -6.046677e-20) (0.000000e+00 0.000000e+00 0.000000e+00)) ((-1.069640e+01 -9.257397e-01 1.436360e+01) (-9.569149e-03 1.149007e-01 8.002963e-03) (0.000000e+00 0.000000e+00 0.000000e+00))
240          	((-6.172278e+00 7.131009e+01 1.127460e-17) (7.659792e-01 6.387406e-02 -6.075918e-20) (0.000000e+00 0.000000e+00 0.000000e+00)) ((-1.069651e+01 -9.258417e-01 1.436369e+01) (-9.581108e-03 1.148969e-01 8.009490e-03) (0.000000e+00 0.000000e+00 0.000000e+00))
241          	((-6.171751e+00 7.131027e+01 1.127445e-17) (7.660073e-01 6.379421e-02 -6.046787e-20) (0.000000e+00 0.000000e+00 0.000000e+00)) ((-1.069654e+01 -9.257626e-01 1.436393e+01) (-9.569131e-03 1.149011e-01 8.002000e-03) (0.000000e+00 0.000000e+00 0.000000e+00))
242          	((-6.172636e+00 7.131163e+01 1.127530e-17) (7.659813e-01 6.387384e-02 -6.076163e-20) (0.000000e+00 0.000000e+00 0.000000e+00)) ((-1.069674e+01 -9.258954e-01 1.436415e+01) (-9.581076e-03 1.148972e-01 8.008613e-03) (0.000000e+00 0.000000e+00 0.000000e+00))
243          	((-6.171924e+00 7.131170e+01 1.127487e-17) (7.660103e-01 6.379357e-02 -6.046906e-20) (0.000000e+00 0.000000e+00 0.000000e+00)) ((-1.069675e+01 -9.257885e-01 1.436447e+01) (-9.569036e-03 1.149016e-01 8.001166e-03) (0.000000e+00 0.000000e+00 0.000000e+00))
244          	((-6.172578e+00 7.131247e+01 1.127511e-17) (7.659843e-01 6.387386e-02 -6.076177e-20) (0.000000e+00 0.000000e+00 0.000000e+00)) ((-1.069687e+01 -9.258867e-01 1.436460e+01) (-9.581079e-03 1.148976e-01 8.007866e-03) (0.000000e+00 0.000000e+00 0.000000e+00))
245          	((-6.172130e+00 7.131250e+01 1.127530e-17) (7.660127e-01 6.379402e-02 -6.047050e-20) (0.000000e+00 0.000000e+00 0.000000e+00)) ((-1.069688e+01 -9.258195e-01 1.436477e+01) (-9.569103e-03 1.149019e-01 8.000493e-03) (0.000000e+00 0.000000e+00 0.000000e+00))
246          	((-6.172871e+00 7.131378e+01 1.127584e-17) (7.659866e-01 6.387384e-02 -6.076395e-20) (0.000000e+00 0.000000e+00 0.000000e+00)) ((-1.069707e+01 -9.259307e-01 1.436505e+01) (-9.581077e-03 1.148980e-01 8.007179e-03) (0.000000e+00 0.000000e+00 0.000000e+00))
247          	((-6.172171e+00 7.131384e+01 1.127535e-17) (7.660155e-01 6.379364e-02 -6.047129e-20) (0.000000e+00 0.000000e+00 0.000000e+00)) ((-1.069708e+01 -9.258257e-01 1.436539e+01) (-9.569046e-03 1.149023e-01 7.999753e-03) (0.000000e+00 0.000000e+00 0.000000e+00))
248          	((-6.172737e+00 7.131461e+01 1.127521e-17) (7.659884e-01 6.387421e-02 -6.076376e-20) (0.000000e+00 0.000000e+00 0.000000e+00)) ((-1.069719e+01 -9.259106e-01 1.436550e+01) (-9.581131e-03 1.148983e-01 8.006507e-03) (0.000000e+00 0.000000e+00 0.000000e+00))
249          	((-6.172358e+00 7.131474e+01 1.127540e-17) (7.660162e-01 6.379429e-02 -6.047251e-20) (0.000000e+00 0.000000e+00 0.000000e+00)) ((-1.069721e+01 -9.258537e-01 1.436564e+01) (-9.569143e-03 1.149024e-01 7.999182e-03) (0.000000e+00 0.000000e+00 0.000000e+00))
250          	((-6.173311e+00 7.131620e+01 1.127636e-17) (7.659891e-01 6.387398e-02 -6.076713e-20) (0.000000e+00 0.000000e+00 0.000000e+00)) ((-1.069743e+01 -9.259967e-01 1.436588e+01) (-9.581097e-03 1.148984e-01 8.005944e-03) (0.000000e+00 0.000000e+00 0.000000e+00))
251          	((-6.172733e+00 7.131606e+01 1.127654e-17) (7.660182e-01 6.379299e-02 -6.047491e-20) (0.000000e+00 0.000000e+00 0.000000e+00)) ((-1.069741e+01 -9.259099e-01 1.436606e+01) (-9.568948e-03 1.149027e-01 7.998559e-03) (0.000000e+00 0.000000e+00 0.000000e+00))
252          	((-6.173120e+00 7.131660e+01 1.127638e-17) (7.659918e-01 6.387322e-02 -6.076682e-20) (0.000000e+00 0.000000e+00 0.000000e+00)) ((-1.069749e+01 -9.259681e-01 1.436621e+01) (-9.580983e-03 1.148988e-01 8.005375e-03) (0.000000e+00 0.000000e+00 0.000000e+00))
253          	((-6.172445e+00 7.131666e+01 1.127598e-17) (7.660203e-01 6.379384e-02 -6.047404e-20) (0.000000e+00 0.000000e+00 0.000000e+00)) ((-1.069750e+01 -9.258668e-01 1.436655e+01) (-9.569076e-03 1.149030e-01 7.998159e-03) (0.000000e+00 0.000000e+00 0.000000e+00))
254          	((-6.173222e+00 7.131775e+01 1.127633e-17) (7.659922e-01 6.387508e-02 -6.076790e-20) (0.000000e+00 0.000000e+00 0.000000e+00)) ((-1.069766e+01 -9.259833e-01 1.436668e+01) (-9.581262e-03 1.148988e-01 8.005092e-03) (0.000000e+00 0.000000e+00 0.000000e+00))
255          	((-6.172833e+00 7.131800e+01 1.127656e-17) (7.660199e-01 6.379472e-02 -6.047625e-20) (0.000000e+00 0.000000e+00 0.000000e+00)) ((-1.069770e+01 -9.259249e-01 1.436683e+01) (-9.569208e-03 1.149030e-01 7.997793e-03) (0.000000e+00 0.000000e+00 0.000000e+00))
256          	((-6.173497e+00 7.131900e+01 1.127681e-17) (7.659923e-01 6.387443e-02 -6.076957e-20) (0.000000e+00 0.000000e+00 0.000000e+00)) ((-1.069785e+01 -9.260246e-01 1.436698e+01) (-9.581165e-03 1.148988e-01 8.004571e-03) (0.000000e+00 0.000000e+00 0.000000e+00))
257          	((-6.172981e+00 7.131899e+01 1.127699e-17) (7.660208e-01 6.379352e-02 -6.047732e-20) (0.000000e+00 0.000000e+00 0.000000e+00)) ((-1.069785e+01 -9.259471e-01 1.436716e+01) (-9.569028e-03 1.149031e-01 7.997259e-03) (0.000000e+00 0.000000e+00 0.000000e+00))
258          	((-6.173613e+00 7.132019e+01 1.127737e-17) (7.659936e-01 6.387376e-02 -6.077071e-20) (0.000000e+00 0.000000e+00 0.000000e+00)) ((-1.069803e+01 -9.260419e-01 1.436747e+01) (-9.581064e-03 1.148990e-01 8.004198e-03) (0.000000e+00 0.000000e+00 0.000000e+00))
259          	((-6.172992e+00 7.132005e+01 1.127720e-17) (7.660224e-01 6.379377e-02 -6.047782e-20) (0.000000e+00 0.000000e+00 0.000000e+00)) ((-1.069801e+01 -9.259488e-01 1.436766e+01) (-9.569066e-03 1.149034e-01 7.997067e-03) (0.000000e+00 0.000000e+00 0.000000e+00))
260          	((-6.173565e+00 7.132074e+01 1.127707e-17) (7.659943e-01 6.387511e-02 -6.077086e-20) (0.000000e+00 0.000000e+00 0.000000e+00)) ((-1.069811e+01 -9.260348e-01 1.436776e+01) (-9.581267e-03 1.148991e-01 8.004101e-03) (0.000000e+00 0.000000e+00 0.000000e+00))
261          	((-6.173195e+00 7.132077e+01 1.127727e-17) (7.660215e-01 6.379530e-02 -6.047920e-20) (0.000000e+00 0.000000e+00 0.000000e+00)) ((-1.069812e+01 -9.259793e-01 1.436789e+01) (-9.569295e-03 1.149032e-01 7.996937e-03) (0.000000e+00 0.000000e+00 0.000000e+00))
262          	((-6.173799e+00 7.132162e+01 1.127716e-17) (7.659928e-01 6.387555e-02 -6.077214e-20) (0.000000e+00 0.000000e+00 0.000000e+00)) ((-1.069824e+01 -9.260698e-01 1.436797e+01) (-9.581333e-03 1.148989e-01 8.003847e-03) (0.000000e+00 0.000000e+00 0.000000e+00))
263          	((-6.173375e+00 7.132167e+01 1.127734e-17) (7.660201e-01 6.379486e-02 -6.048023e-20) (0.000000e+00 0.000000e+00 0.000000e+00)) ((-1.069825e+01 -9.260063e-01 1.436811e+01) (-9.569230e-03 1.149030e-01 7.996595e-03) (0.000000e+00 0.000000e+00 0.000000e+00))
264          	((-6.173916e+00 7.132253e+01 1.127720e-17) (7.659919e-01 6.387488e-02 -6.077277e-20) (0.000000e+00 0.000000e+00 0.000000e+00)) ((-1.069838e+01 -9.260875e-01 1.436825e+01) (-9.581232e-03 1.148988e-01 8.003546e-03) (0.000000e+00 0.000000e+00 0.000000e+00))
265          	((-6.173475e+00 7.132269e+01 1.127738e-17) (7.660195e-01 6.379458e-02 -6.048062e-20) (0.000000e+00 0.000000e+00 0.000000e+00)) ((-1.069840e+01 -9.260213e-01 1.436846e+01) (-9.569187e-03 1.149029e-01 7.996427e-03) (0.000000e+00 0.000000e+00 0.000000e+00))
266          	((-6.174405e+00 7.132429e+01 1.127833e-17) (7.659910e-01 6.387515e-02 -6.077559e-20) (0.000000e+00 0.000000e+00 0.000000e+00)) ((-1.069864e+01 -9.261608e-01 1.436884e+01) (-9.581273e-03 1.148986e-01 8.003502e-03) (0.000000e+00 0.000000e+00 0.000000e+00))
267          	((-6.173738e+00 7.132416e+01 1.127824e-17) (7.660192e-01 6.379455e-02 -6.048228e-20) (0.000000e+00 0.000000e+00 0.000000e+00)) ((-1.069862e+01 -9.260607e-01 1.436902e+01) (-9.569182e-03 1.149029e-01 7.996379e-03) (0.000000e+00 0.000000e+00 0.000000e+00))
268          	((-6.174266e+00 7.132469e+01 1.127834e-17) (7.659907e-01 6.387568e-02 -6.077558e-20) (0.000000e+00 0.000000e+00 0.000000e+00)) ((-1.069870e+01 -9.261399e-01 1.436909e+01) (-9.581353e-03 1.148986e-01 8.003425e-03) (0.000000e+00 0.000000e+00 0.000000e+00))
269          	((-6.173684e+00 7.132439e+01 1.127828e-17) (7.660182e-01 6.379571e-02 -6.048272e-20) (0.000000e+00 0.000000e+00 0.000000e+00)) ((-1.069866e+01 -9.260526e-01 1.436913e+01) (-9.569356e-03 1.149027e-01 7.996315e-03) (0.000000e+00 0.000000e+00 0.000000e+00))
270          	((-6.174371e+00 7.132504e+01 1.127852e-17) (7.659892e-01 6.387668e-02 -6.077655e-20) (0.000000e+00 0.000000e+00 0.000000e+00)) ((-1.069876e+01 -9.261557e-01 1.436913e+01) (-9.581502e-03 1.148984e-01 8.003360e-03) (0.000000e+00 0.000000e+00 0.000000e+00))
271          	((-6.173928e+00 7.132494e+01 1.127871e-17) (7.660164e-01 6.379622e-02 -6.048427e-20) (0.000000e+00 0.000000e+00 0.000000e+00)) ((-1.069874e+01 -9.260891e-01 1.436917e+01) (-9.569433e-03 1.149025e-01 7.996229e-03) (0.000000e+00 0.000000e+00 0.000000e+00))
272          	((-6.174561e+00 7.132575e+01 1.127890e-17) (7.659876e-01 6.387666e-02 -6.077771e-20) (0.000000e+00 0.000000e+00 0.000000e+00)) ((-1.069886e+01 -9.261842e-01 1.436925e+01) (-9.581499e-03 1.148981e-01 8.003264e-03) (0.000000e+00 0.000000e+00 0.000000e+00))
273          	((-6.173986e+00 7.132579e+01 1.127883e-17) (7.660151e-01 6.379617e-02 -6.048468e-20) (0.000000e+00 0.000000e+00 0.000000e+00)) ((-1.069887e+01 -9.260978e-01 1.436942e+01) (-9.569426e-03 1.149023e-01 7.996162e-03) (0.000000e+00 0.000000e+00 0.000000e+00))
274          	((-6.174646e+00 7.132679e+01 1.127905e-17) (7.659861e-01 6.387706e-02 -6.077832e-20) (0.000000e+00 0.000000e+00 0.000000e+00)) ((-1.069902e+01 -9.261969e-01 1.436962e+01) (-9.581559e-03 1.148979e-01 8.003264e-03) (0.000000e+00 0.000000e+00 0.000000e+00))
275          	((-6.174195e+00 7.132696e+01 1.127924e-17) (7.660134e-01 6.379681e-02 -6.048588e-20) (0.000000e+00 0.000000e+00 0.000000e+00)) ((-1.069904e+01 -9.261292e-01 1.436984e+01) (-9.569522e-03 1.149020e-01 7.996213e-03) (0.000000e+00 0.000000e+00 0.000000e+00))
276          	((-6.174743e+00 7.132786e+01 1.127912e-17) (7.659843e-01 6.387765e-02 -6.077889e-20) (0.000000e+00 0.000000e+00 0.000000e+00)) ((-1.069918e+01 -9.262115e-01 1.437001e+01) (-9.581648e-03 1.148976e-01 8.003320e-03) (0.000000e+00 0.000000e+00 0.000000e+00))
277          	((-6.174316e+00 7.132791e+01 1.127930e-17) (7.660112e-01 6.379750e-02 -6.048668e-20) (0.000000e+00 0.000000e+00 0.000000e+00)) ((-1.069919e+01 -9.261473e-01 1.437017e+01) (-9.569625e-03 1.149017e-01 7.996251e-03) (0.000000e+00 0.000000e+00 0.000000e+00))
278          	((-6.175019e+00 7.132872e+01 1.127957e-17) (7.659819e-01 6.387807e-02 -6.078043e-20) (0.000000e+00 0.000000e+00 0.000000e+00)) ((-1.069931e+01 -9.262529e-01 1.437025e+01) (-9.581711e-03 1.148973e-01 8.003340e-03) (0.000000e+00 0.000000e+00 0.000000e+00))
279          	((-6.174481e+00 7.132854e+01 1.127956e-17) (7.660091e-01 6.379750e-02 -6.048752e-20) (0.000000e+00 0.000000e+00 0.000000e+00)) ((-1.069928e+01 -9.261722e-01 1.437031e+01) (-9.569625e-03 1.149014e-01 7.996258e-03) (0.000000e+00 0.000000e+00 0.000000e+00))
280          	((-6.175131e+00 7.132916e+01 1.127979e-17) (7.659799e-01 6.387828e-02 -6.078119e-20) (0.000000e+00 0.000000e+00 0.000000e+00)) ((-1.069937e+01 -9.262696e-01 1.437032e+01) (-9.581743e-03 1.148970e-01 8.003363e-03) (0.000000e+00 0.000000e+00 0.000000e+00))
281          	((-6.174581e+00 7.132893e+01 1.127977e-17) (7.660072e-01 6.379792e-02 -6.048819e-20) (0.000000e+00 0.000000e+00 0.000000e+00)) ((-1.069934e+01 -9.261872e-01 1.437036e+01) (-9.569688e-03 1.149011e-01 7.996312e-03) (0.000000e+00 0.000000e+00 0.000000e+00))
282          	((-6.175242e+00 7.132959e+01 1.128001e-17) (7.659779e-01 6.387889e-02 -6.078196e-20) (0.000000e+00 0.000000e+00 0.000000e+00)) ((-1.069944e+01 -9.262863e-01 1.437039e+01) (-9.581834e-03 1.148967e-01 8.003440e-03) (0.000000e+00 0.000000e+00 0.000000e+00))
283          	((-6.174704e+00 7.132946e+01 1.128001e-17) (7.660051e-01 6.379855e-02 -6.048904e-20) (0.000000e+00 0.000000e+00 0.000000e+00)) ((-1.069942e+01 -9.262056e-01 1.437048e+01) (-9.569783e-03 1.149008e-01 7.996391e-03) (0.000000e+00 0.000000e+00 0.000000e+00))
284          	((-6.175367e+00 7.133021e+01 1.128025e-17) (7.659758e-01 6.387943e-02 -6.078286e-20) (0.000000e+00 0.000000e+00 0.000000e+00)) ((-1.069953e+01 -9.263050e-01 1.437056e+01) (-9.581914e-03 1.148964e-01 8.003508e-03) (0.000000e+00 0.000000e+00 0.000000e+00))
285          	((-6.174825e+00 7.133012e+01 1.128025e-17) (7.660030e-01 6.379896e-02 -6.048988e-20) (0.000000e+00 0.000000e+00 0.000000e+00)) ((-1.069952e+01 -9.262237e-01 1.437069e+01) (-9.569844e-03 1.149004e-01 7.996446e-03) (0.000000e+00 0.000000e+00 0.000000e+00))
286          	((-6.175485e+00 7.133090e+01 1.128049e-17) (7.659736e-01 6.387980e-02 -6.078367e-20) (0.000000e+00 0.000000e+00 0.000000e+00)) ((-1.069963e+01 -9.263228e-01 1.437078e+01) (-9.581970e-03 1.148960e-01 8.003561e-03) (0.000000e+00 0.000000e+00 0.000000e+00))
287          	((-6.174946e+00 7.133081e+01 1.128048e-17) (7.660008e-01 6.379937e-02 -6.049063e-20) (0.000000e+00 0.000000e+00 0.000000e+00)) ((-1.069962e+01 -9.262418e-01 1.437090e+01) (-9.569905e-03 1.149001e-01 7.996504e-03) (0.000000e+00 0.000000e+00 0.000000e+00))
288          	((-6.175612e+00 7.133157e+01 1.128072e-17) (7.659715e-01 6.388027e-02 -6.078441e-20) (0.000000e+00 0.000000e+00 0.000000e+00)) ((-1.069974e+01 -9.263418e-01 1.437098e+01) (-9.582041e-03 1.148957e-01 8.003626e-03) (0.000000e+00 0.000000e+00 0.000000e+00))
289          	((-6.175076e+00 7.133144e+01 1.128071e-17) (7.659986e-01 6.379986e-02 -6.049134e-20) (0.000000e+00 0.000000e+00 0.000000e+00)) ((-1.069972e+01 -9.262614e-01 1.437106e+01) (-9.569980e-03 1.148998e-01 7.996573e-03) (0.000000e+00 0.000000e+00 0.000000e+00))
290          	((-6.175739e+00 7.133213e+01 1.128094e-17) (7.659692e-01 6.388076e-02 -6.078510e-20) (0.000000e+00 0.000000e+00 0.000000e+00)) ((-1.069982e+01 -9.263608e-01 1.437111e+01) (-9.582114e-03 1.148954e-01 8.003695e-03) (0.000000e+00 0.000000e+00 0.000000e+00))
291          	((-6.175195e+00 7.133192e+01 1.128092e-17) (7.659965e-01 6.380030e-02 -6.049199e-20) (0.000000e+00 0.000000e+00 0.000000e+00)) ((-1.069979e+01 -9.262793e-01 1.437116e+01) (-9.570046e-03 1.148995e-01 7.996642e-03) (0.000000e+00 0.000000e+00 0.000000e+00))
292          	((-6.175848e+00 7.133253e+01 1.128114e-17) (7.659671e-01 6.388117e-02 -6.078573e-20) (0.000000e+00 0.000000e+00 0.000000e+00)) ((-1.069988e+01 -9.263772e-01 1.437117e+01) (-9.582176e-03 1.148951e-01 8.003769e-03) (0.000000e+00 0.000000e+00 0.000000e+00))
293          	((-6.175297e+00 7.133228e+01 1.128112e-17) (7.659944e-01 6.380071e-02 -6.049260e-20) (0.000000e+00 0.000000e+00 0.000000e+00)) ((-1.069984e+01 -9.262945e-01 1.437121e+01) (-9.570107e-03 1.148992e-01 7.996720e-03) (0.000000e+00 0.000000e+00 0.000000e+00))
294          	((-6.175944e+00 7.133288e+01 1.128133e-17) (7.659652e-01 6.388159e-02 -6.078636e-20) (0.000000e+00 0.000000e+00 0.000000e+00)) ((-1.069993e+01 -9.263916e-01 1.437123e+01) (-9.582239e-03 1.148948e-01 8.003849e-03) (0.000000e+00 0.000000e+00 0.000000e+00))
295          	((-6.175389e+00 7.133265e+01 1.128131e-17) (7.659916e-01 6.380317e-02 -6.049521e-20) (0.000000e+00 0.000000e+00 0.000000e+00)) ((-1.069990e+01 -9.263084e-01 1.437129e+01) (-9.570476e-03 1.148987e-01 7.996945e-03) (0.000000e+00 0.000000e+00 0.000000e+00))
296          	((-6.176047e+00 7.133330e+01 1.128152e-17) (7.659629e-01 6.388352e-02 -6.078752e-20) (0.000000e+00 0.000000e+00 0.000000e+00)) ((-1.069999e+01 -9.264071e-01 1.437133e+01) (-9.582527e-03 1.148944e-01 8.004077e-03) (0.000000e+00 0.000000e+00 0.000000e+00))
297          	((-6.175493e+00 7.133310e+01 1.128149e-17) (7.659893e-01 6.380428e-02 -6.049605e-20) (0.000000e+00 0.000000e+00 0.000000e+00)) ((-1.069997e+01 -9.263239e-01 1.437141e+01) (-9.570641e-03 1.148984e-01 7.997109e-03) (0.000000e+00 0.000000e+00 0.000000e+00))
298          	((-6.176142e+00 7.133374e+01 1.128168e-17) (7.659619e-01 6.388173e-02 -6.078591e-20) (0.000000e+00 0.000000e+00 0.000000e+00)) ((-1.070006e+01 -9.264212e-01 1.437146e+01) (-9.582259e-03 1.148943e-01 8.003991e-03) (0.000000e+00 0.000000e+00 0.000000e+00))
299          	((-6.175569e+00 7.133352e+01 1.128163e-17) (7.659878e-01 6.380269e-02 -6.049619e-20) (0.000000e+00 0.000000e+00 0.000000e+00)) ((-1.070003e+01 -9.263354e-01 1.437154e+01) (-9.570404e-03 1.148982e-01 7.996956e-03) (0.000000e+00 0.000000e+00 0.000000e+00))
300          	((-6.176218e+00 7.133414e+01 1.128184e-17) (7.659604e-01 6.388087e-02 -6.078619e-20) (0.000000e+00 0.000000e+00 0.000000e+00)) ((-1.070012e+01 -9.264327e-01 1.437157e+01) (-9.582131e-03 1.148941e-01 8.003872e-03) (0.000000e+00 0.000000e+00 0.000000e+00))
301          	((-6.175661e+00 7.133391e+01 1.128181e-17) (7.659859e-01 6.380298e-02 -6.049691e-20) (0.000000e+00 0.000000e+00 0.000000e+00)) ((-1.070009e+01 -9.263492e-01 1.437162e+01) (-9.570446e-03 1.148979e-01 7.996964e-03) (0.000000e+00 0.000000e+00 0.000000e+00))
302          	((-6.176323e+00 7.133451e+01 1.128203e-17) (7.659587e-01 6.388158e-02 -6.078670e-20) (0.000000e+00 0.000000e+00 0.000000e+00)) ((-1.070018e+01 -9.264484e-01 1.437163e+01) (-9.582236e-03 1.148938e-01 8.003953e-03) (0.000000e+00 0.000000e+00 0.000000e+00))
303          	((-6.175762e+00 7.133424e+01 1.128199e-17) (7.659841e-01 6.380384e-02 -6.049754e-20) (0.000000e+00 0.000000e+00 0.000000e+00)) ((-1.070014e+01 -9.263643e-01 1.437166e+01) (-9.570576e-03 1.148976e-01 7.997073e-03) (0.000000e+00 0.000000e+00 0.000000e+00))
304          	((-6.176405e+00 7.133478e+01 1.128218e-17) (7.659571e-01 6.388218e-02 -6.078713e-20) (0.000000e+00 0.000000e+00 0.000000e+00)) ((-1.070022e+01 -9.264607e-01 1.437166e+01) (-9.582326e-03 1.148936e-01 8.004028e-03) (0.000000e+00 0.000000e+00 0.000000e+00))
305          	((-6.175829e+00 7.133446e+01 1.128213e-17) (7.659826e-01 6.380429e-02 -6.049802e-20) (0.000000e+00 0.000000e+00 0.000000e+00)) ((-1.070017e+01 -9.263743e-01 1.437170e+01) (-9.570644e-03 1.148974e-01 7.997118e-03) (0.000000e+00 0.000000e+00 0.000000e+00))
306          	((-6.176464e+00 7.133498e+01 1.128231e-17) (7.659558e-01 6.388243e-02 -6.078749e-20) (0.000000e+00 0.000000e+00 0.000000e+00)) ((-1.070025e+01 -9.264696e-01 1.437170e+01) (-9.582365e-03 1.148934e-01 8.004050e-03) (0.000000e+00 0.000000e+00 0.000000e+00))
307          	((-6.175891e+00 7.133468e+01 1.128226e-17) (7.659813e-01 6.380456e-02 -6.049846e-20) (0.000000e+00 0.000000e+00 0.000000e+00)) ((-1.070020e+01 -9.263836e-01 1.437174e+01) (-9.570684e-03 1.148972e-01 7.997141e-03) (0.000000e+00 0.000000e+00 0.000000e+00))
308          	((-6.176531e+00 7.133523e+01 1.128244e-17) (7.659545e-01 6.388266e-02 -6.078787e-20) (0.000000e+00 0.000000e+00 0.000000e+00)) ((-1.070028e+01 -9.264796e-01 1.437176e+01) (-9.582399e-03 1.148932e-01 8.004072e-03) (0.000000e+00 0.000000e+00 0.000000e+00))
309          	((-6.175960e+00 7.133494e+01 1.128239e-17) (7.659800e-01 6.380485e-02 -6.049890e-20) (0.000000e+00 0.000000e+00 0.000000e+00)) ((-1.070024e+01 -9.263939e-01 1.437181e+01) (-9.570727e-03 1.148970e-01 7.997165e-03) (0.000000e+00 0.000000e+00 0.000000e+00))
310          	((-6.176597e+00 7.133549e+01 1.128256e-17) (7.659533e-01 6.388292e-02 -6.078822e-20) (0.000000e+00 0.000000e+00 0.000000e+00)) ((-1.070032e+01 -9.264895e-01 1.437182e+01) (-9.582437e-03 1.148930e-01 8.004087e-03) (0.000000e+00 0.000000e+00 0.000000e+00))
311          	((-6.176021e+00 7.133520e+01 1.128250e-17) (7.659788e-01 6.380513e-02 -6.049927e-20) (0.000000e+00 0.000000e+00 0.000000e+00)) ((-1.070028e+01 -9.264032e-01 1.437187e+01) (-9.570770e-03 1.148968e-01 7.997175e-03) (0.000000e+00 0.000000e+00 0.000000e+00))
312          	((-6.176654e+00 7.133574e+01 1.128267e-17) (7.659523e-01 6.388315e-02 -6.078851e-20) (0.000000e+00 0.000000e+00 0.000000e+00)) ((-1.070036e+01 -9.264981e-01 1.437188e+01) (-9.582472e-03 1.148928e-01 8.004090e-03) (0.000000e+00 0.000000e+00 0.000000e+00))
313          	((-6.176077e+00 7.133544e+01 1.128261e-17) (7.659778e-01 6.380538e-02 -6.049959e-20) (0.000000e+00 0.000000e+00 0.000000e+00)) ((-1.070032e+01 -9.264115e-01 1.437191e+01) (-9.570807e-03 1.148967e-01 7.997179e-03) (0.000000e+00 0.000000e+00 0.000000e+00))
314          	((-6.176708e+00 7.133595e+01 1.128277e-17) (7.659513e-01 6.388336e-02 -6.078878e-20) (0.000000e+00 0.000000e+00 0.000000e+00)) ((-1.070039e+01 -9.265061e-01 1.437191e+01) (-9.582503e-03 1.148927e-01 8.004093e-03) (0.000000e+00 0.000000e+00 0.000000e+00))
315          	((-6.176128e+00 7.133561e+01 1.128270e-17) (7.659768e-01 6.380560e-02 -6.049990e-20) (0.000000e+00 0.000000e+00 0.000000e+00)) ((-1.070034e+01 -9.264192e-01 1.437194e+01) (-9.570840e-03 1.148965e-01 7.997183e-03) (0.000000e+00 0.000000e+00 0.000000e+00))
316          	((-6.176755e+00 7.133609e+01 1.128286e-17) (7.659505e-01 6.388355e-02 -6.078905e-20) (0.000000e+00 0.000000e+00 0.000000e+00)) ((-1.070041e+01 -9.265132e-01 1.437193e+01) (-9.582532e-03 1.148926e-01 8.004095e-03) (0.000000e+00 0.000000e+00 0.000000e+00))
317          	((-6.176172e+00 7.133574e+01 1.128279e-17) (7.659760e-01 6.380580e-02 -6.050021e-20) (0.000000e+00 0.000000e+00 0.000000e+00)) ((-1.070036e+01 -9.264258e-01 1.437196e+01) (-9.570870e-03 1.148964e-01 7.997183e-03) (0.000000e+00 0.000000e+00 0.000000e+00))
318          	((-6.176796e+00 7.133621e+01 1.128295e-17) (7.659498e-01 6.388372e-02 -6.078932e-20) (0.000000e+00 0.000000e+00 0.000000e+00)) ((-1.070043e+01 -9.265194e-01 1.437195e+01) (-9.582558e-03 1.148925e-01 8.004088e-03) (0.000000e+00 0.000000e+00 0.000000e+00))
319          	((-6.176212e+00 7.133586e+01 1.128287e-17) (7.659753e-01 6.380598e-02 -6.050049e-20) (0.000000e+00 0.000000e+00 0.000000e+00)) ((-1.070038e+01 -9.264318e-01 1.437198e+01) (-9.570897e-03 1.148963e-01 7.997171e-03) (0.000000e+00 0.000000e+00 0.000000e+00))
320          	((-6.176835e+00 7.133634e+01 1.128302e-17) (7.659492e-01 6.388388e-02 -6.078957e-20) (0.000000e+00 0.000000e+00 0.000000e+00)) ((-1.070045e+01 -9.265253e-01 1.437198e+01) (-9.582581e-03 1.148924e-01 8.004070e-03) (0.000000e+00 0.000000e+00 0.000000e+00))
321          	((-6.176250e+00 7.133600e+01 1.128294e-17) (7.659747e-01 6.380614e-02 -6.050075e-20) (0.000000e+00 0.000000e+00 0.000000e+00)) ((-1.070040e+01 -9.264375e-01 1.437201e+01) (-9.570921e-03 1.148962e-01 7.997150e-03) (0.000000e+00 0.000000e+00 0.000000e+00))
322          	((-6.176871e+00 7.133649e+01 1.128309e-17) (7.659486e-01 6.388401e-02 -6.078980e-20) (0.000000e+00 0.000000e+00 0.000000e+00)) ((-1.070047e+01 -9.265307e-01 1.437202e+01) (-9.582602e-03 1.148923e-01 8.004046e-03) (0.000000e+00 0.000000e+00 0.000000e+00))
323          	((-6.176284e+00 7.133614e+01 1.128300e-17) (7.659742e-01 6.380628e-02 -6.050097e-20) (0.000000e+00 0.000000e+00 0.000000e+00)) ((-1.070042e+01 -9.264425e-01 1.437205e+01) (-9.570942e-03 1.148961e-01 7.997124e-03) (0.000000e+00 0.000000e+00 0.000000e+00))
324          	((-6.176902e+00 7.133662e+01 1.128315e-17) (7.659482e-01 6.388413e-02 -6.078998e-20) (0.000000e+00 0.000000e+00 0.000000e+00)) ((-1.070049e+01 -9.265353e-01 1.437205e+01) (-9.582619e-03 1.148922e-01 8.004017e-03) (0.000000e+00 0.000000e+00 0.000000e+00))
325          	((-6.176312e+00 7.133626e+01 1.128306e-17) (7.659738e-01 6.380640e-02 -6.050115e-20) (0.000000e+00 0.000000e+00 0.000000e+00)) ((-1.070044e+01 -9.264468e-01 1.437207e+01) (-9.570960e-03 1.148961e-01 7.997094e-03) (0.000000e+00 0.000000e+00 0.000000e+00))
326          	((-6.176929e+00 7.133672e+01 1.128320e-17) (7.659478e-01 6.388423e-02 -6.079013e-20) (0.000000e+00 0.000000e+00 0.000000e+00)) ((-1.070051e+01 -9.265393e-01 1.437206e+01) (-9.582634e-03 1.148922e-01 8.003984e-03) (0.000000e+00 0.000000e+00 0.000000e+00))
327          	((-6.176338e+00 7.133635e+01 1.128311e-17) (7.659735e-01 6.380650e-02 -6.050131e-20) (0.000000e+00 0.000000e+00 0.000000e+00)) ((-1.070045e+01 -9.264507e-01 1.437208e+01) (-9.570975e-03 1.148960e-01 7.997061e-03) (0.000000e+00 0.000000e+00 0.000000e+00))
328          	((-6.176953e+00 7.133679e+01 1.128325e-17) (7.659475e-01 6.388432e-02 -6.079027e-20) (0.000000e+00 0.000000e+00 0.000000e+00)) ((-1.070052e+01 -9.265430e-01 1.437207e+01) (-9.582647e-03 1.148921e-01 8.003950e-03) (0.000000e+00 0.000000e+00 0.000000e+00))
329          	((-6.176361e+00 7.133641e+01 1.128315e-17) (7.659732e-01 6.380659e-02 -6.050146e-20) (0.000000e+00 0.000000e+00 0.000000e+00)) ((-1.070046e+01 -9.264542e-01 1.437209e+01) (-9.570988e-03 1.148960e-01 7.997027e-03) (0.000000e+00 0.000000e+00 0.000000e+00))
330          	((-6.176975e+00 7.133685e+01 1.128329e-17) (7.659473e-01 6.388439e-02 -6.079041e-20) (0.000000e+00 0.000000e+00 0.000000e+00)) ((-1.070053e+01 -9.265463e-01 1.437209e+01) (-9.582658e-03 1.148921e-01 8.003915e-03) (0.000000e+00 0.000000e+00 0.000000e+00))
331          	((-6.176382e+00 7.133648e+01 1.128319e-17) (7.659730e-01 6.380666e-02 -6.050161e-20) (0.000000e+00 0.000000e+00 0.000000e+00)) ((-1.070047e+01 -9.264573e-01 1.437211e+01) (-9.570999e-03 1.148960e-01 7.996990e-03) (0.000000e+00 0.000000e+00 0.000000e+00))
332          	((-6.176995e+00 7.133693e+01 1.128333e-17) (7.659471e-01 6.388445e-02 -6.079054e-20) (0.000000e+00 0.000000e+00 0.000000e+00)) ((-1.070054e+01 -9.265492e-01 1.437211e+01) (-9.582668e-03 1.148921e-01 8.003875e-03) (0.000000e+00 0.000000e+00 0.000000e+00))
333          	((-6.176401e+00 7.133656e+01 1.128323e-17) (7.659729e-01 6.380672e-02 -6.050174e-20) (0.000000e+00 0.000000e+00 0.000000e+00)) ((-1.070048e+01 -9.264601e-01 1.437214e+01) (-9.571008e-03 1.148959e-01 7.996949e-03) (0.000000e+00 0.000000e+00 0.000000e+00))
334          	((-6.177012e+00 7.133701e+01 1.128336e-17) (7.659470e-01 6.388450e-02 -6.079066e-20) (0.000000e+00 0.000000e+00 0.000000e+00)) ((-1.070055e+01 -9.265517e-01 1.437213e+01) (-9.582675e-03 1.148921e-01 8.003832e-03) (0.000000e+00 0.000000e+00 0.000000e+00))
335          	((-6.176416e+00 7.133664e+01 1.128326e-17) (7.659728e-01 6.380677e-02 -6.050186e-20) (0.000000e+00 0.000000e+00 0.000000e+00)) ((-1.070050e+01 -9.264623e-01 1.437216e+01) (-9.571015e-03 1.148959e-01 7.996904e-03) (0.000000e+00 0.000000e+00 0.000000e+00))
336          	((-6.177025e+00 7.133708e+01 1.128338e-17) (7.659470e-01 6.388454e-02 -6.079076e-20) (0.000000e+00 0.000000e+00 0.000000e+00)) ((-1.070056e+01 -9.265538e-01 1.437215e+01) (-9.582681e-03 1.148920e-01 8.003787e-03) (0.000000e+00 0.000000e+00 0.000000e+00))
337          	((-6.176428e+00 7.133670e+01 1.128328e-17) (7.659727e-01 6.380680e-02 -6.050195e-20) (0.000000e+00 0.000000e+00 0.000000e+00)) ((-1.070051e+01 -9.264642e-01 1.437217e+01) (-9.571021e-03 1.148959e-01 7.996860e-03) (0.000000e+00 0.000000e+00 0.000000e+00))
338          	((-6.177037e+00 7.133713e+01 1.128341e-17) (7.659470e-01 6.388457e-02 -6.079085e-20) (0.000000e+00 0.000000e+00 0.000000e+00)) ((-1.070057e+01 -9.265556e-01 1.437216e+01) (-9.582685e-03 1.148920e-01 8.003743e-03) (0.000000e+00 0.000000e+00 0.000000e+00))
339          	((-6.176440e+00 7.133674e+01 1.128331e-17) (7.659728e-01 6.380683e-02 -6.050203e-20) (0.000000e+00 0.000000e+00 0.000000e+00)) ((-1.070051e+01 -9.264660e-01 1.437218e+01) (-9.571025e-03 1.148959e-01 7.996816e-03) (0.000000e+00 0.000000e+00 0.000000e+00))
340          	((-6.177049e+00 7.133717e+01 1.128343e-17) (7.659470e-01 6.388459e-02 -6.079092e-20) (0.000000e+00 0.000000e+00 0.000000e+00)) ((-1.070058e+01 -9.265573e-01 1.437217e+01) (-9.582688e-03 1.148921e-01 8.003700e-03) (0.000000e+00 0.000000e+00 0.000000e+00))
341          	((-6.176451e+00 7.133677e+01 1.128333e-17) (7.659728e-01 6.380686e-02 -6.050211e-20) (0.000000e+00 0.000000e+00 0.000000e+00)) ((-1.070052e+01 -9.264676e-01 1.437219e+01) (-9.571028e-03 1.148959e-01 7.996773e-03) (0.000000e+00 0.000000e+00 0.000000e+00))
342          	((-6.177059e+00 7.133721e+01 1.128345e-17) (7.659471e-01 6.388460e-02 -6.079098e-20) (0.000000e+00 0.000000e+00 0.000000e+00)) ((-1.070058e+01 -9.265588e-01 1.437218e+01) (-9.582691e-03 1.148921e-01 8.003656e-03) (0.000000e+00 0.000000e+00 0.000000e+00))
343          	((-6.176460e+00 7.133682e+01 1.128334e-17) (7.659729e-01 6.380687e-02 -6.050218e-20) (0.000000e+00 0.000000e+00 0.000000e+00)) ((-1.070052e+01 -9.264690e-01 1.437221e+01) (-9.571031e-03 1.148959e-01 7.996731e-03) (0.000000e+00 0.000000e+00 0.000000e+00))
344          	((-6.177067e+00 7.133725e+01 1.128346e-17) (7.659471e-01 6.388462e-02 -6.079105e-20) (0.000000e+00 0.000000e+00 0.000000e+00)) ((-1.070059e+01 -9.265600e-01 1.437220e+01) (-9.582692e-03 1.148921e-01 8.003614e-03) (0.000000e+00 0.000000e+00 0.000000e+00))
345          	((-6.176467e+00 7.133687e+01 1.128336e-17) (7.659729e-01 6.380688e-02 -6.050224e-20) (0.000000e+00 0.000000e+00 0.000000e+00)) ((-1.070053e+01 -9.264701e-01 1.437223e+01) (-9.571032e-03 1.148959e-01 7.996689e-03) (0.000000e+00 0.000000e+00 0.000000e+00))
346          	((-6.177073e+00 7.133731e+01 1.128348e-17) (7.659472e-01 6.388462e-02 -6.079111e-20) (0.000000e+00 0.000000e+00 0.000000e+00)) ((-1.070060e+01 -9.265610e-01 1.437222e+01) (-9.582693e-03 1.148921e-01 8.003573e-03) (0.000000e+00 0.000000e+00 0.000000e+00))
347          	((-6.176473e+00 7.133692e+01 1.128337e-17) (7.659730e-01 6.380689e-02 -6.050231e-20) (0.000000e+00 0.000000e+00 0.000000e+00)) ((-1.070054e+01 -9.264710e-01 1.437225e+01) (-9.571033e-03 1.148960e-01 7.996649e-03) (0.000000e+00 0.000000e+00 0.000000e+00))
348          	((-6.177079e+00 7.133735e+01 1.128349e-17) (7.659473e-01 6.388462e-02 -6.079117e-20) (0.000000e+00 0.000000e+00 0.000000e+00)) ((-1.070060e+01 -9.265619e-01 1.437224e+01) (-9.582694e-03 1.148921e-01 8.003534e-03) (0.000000e+00 0.000000e+00 0.000000e+00))
349          	((-6.176479e+00 7.133696e+01 1.128338e-17) (7.659731e-01 6.380689e-02 -6.050236e-20) (0.000000e+00 0.000000e+00 0.000000e+00)) ((-1.070054e+01 -9.264719e-01 1.437226e+01) (-9.571033e-03 1.148960e-01 7.996610e-03) (0.000000e+00 0.000000e+00 0.000000e+00))
350          	((-6.177085e+00 7.133739e+01 1.128350e-17) (7.659475e-01 6.388462e-02 -6.079122e-20) (0.000000e+00 0.000000e+00 0.000000e+00)) ((-1.070061e+01 -9.265628e-01 1.437225e+01) (-9.582693e-03 1.148921e-01 8.003495e-03) (0.000000e+00 0.000000e+00 0.000000e+00))
351          	((-6.176485e+00 7.133699e+01 1.128339e-17) (7.659733e-01 6.380688e-02 -6.050241e-20) (0.000000e+00 0.000000e+00 0.000000e+00)) ((-1.070055e+01 -9.264727e-01 1.437227e+01) (-9.571033e-03 1.148960e-01 7.996573e-03) (0.000000e+00 0.000000e+00 0.000000e+00))
352          	((-6.177091e+00 7.133741e+01 1.128351e-17) (7.659476e-01 6.388462e-02 -6.079126e-20) (0.000000e+00 0.000000e+00 0.000000e+00)) ((-1.070061e+01 -9.265636e-01 1.437226e+01) (-9.582692e-03 1.148921e-01 8.003459e-03) (0.000000e+00 0.000000e+00 0.000000e+00))
353          	((-6.176490e+00 7.133702e+01 1.128340e-17) (7.659734e-01 6.380688e-02 -6.050244e-20) (0.000000e+00 0.000000e+00 0.000000e+00)) ((-1.070055e+01 -9.264735e-01 1.437228e+01) (-9.571032e-03 1.148960e-01 7.996537e-03) (0.000000e+00 0.000000e+00 0.000000e+00))
354          	((-6.177095e+00 7.133744e+01 1.128352e-17) (7.659477e-01 6.388461e-02 -6.079129e-20) (0.000000e+00 0.000000e+00 0.000000e+00)) ((-1.070062e+01 -9.265643e-01 1.437227e+01) (-9.582692e-03 1.148922e-01 8.003424e-03) (0.000000e+00 0.000000e+00 0.000000e+00))
355          	((-6.176494e+00 7.133705e+01 1.128341e-17) (7.659735e-01 6.380688e-02 -6.050248e-20) (0.000000e+00 0.000000e+00 0.000000e+00)) ((-1.070056e+01 -9.264741e-01 1.437230e+01) (-9.571031e-03 1.148960e-01 7.996504e-03) (0.000000e+00 0.000000e+00 0.000000e+00))
356          	((-6.177099e+00 7.133748e+01 1.128352e-17) (7.659478e-01 6.388460e-02 -6.079132e-20) (0.000000e+00 0.000000e+00 0.000000e+00)) ((-1.070062e+01 -9.265649e-01 1.437229e+01) (-9.582691e-03 1.148922e-01 8.003393e-03) (0.000000e+00 0.000000e+00 0.000000e+00))
357          	((-6.176498e+00 7.133709e+01 1.128341e-17) (7.659736e-01 6.380687e-02 -6.050252e-20) (0.000000e+00 0.000000e+00 0.000000e+00)) ((-1.070056e+01 -9.264747e-01 1.437231e+01) (-9.571031e-03 1.148960e-01 7.996474e-03) (0.000000e+00 0.000000e+00 0.000000e+00))
358          	((-6.177102e+00 7.133752e+01 1.128353e-17) (7.659479e-01 6.388460e-02 -6.079137e-20) (0.000000e+00 0.000000e+00 0.000000e+00)) ((-1.070063e+01 -9.265654e-01 1.437230e+01) (-9.582690e-03 1.148922e-01 8.003363e-03) (0.000000e+00 0.000000e+00 0.000000e+00))
359          	((-6.176501e+00 7.133713e+01 1.128342e-17) (7.659737e-01 6.380687e-02 -6.050256e-20) (0.000000e+00 0.000000e+00 0.000000e+00)) ((-1.070057e+01 -9.264752e-01 1.437233e+01) (-9.571030e-03 1.148961e-01 7.996446e-03) (0.000000e+00 0.000000e+00 0.000000e+00))
360          	((-6.177106e+00 7.133755e+01 1.128354e-17) (7.659480e-01 6.388459e-02 -6.079141e-20) (0.000000e+00 0.000000e+00 0.000000e+00)) ((-1.070063e+01 -9.265659e-01 1.437232e+01) (-9.582689e-03 1.148922e-01 8.003336e-03) (0.000000e+00 0.000000e+00 0.000000e+00))
361          	((-6.176505e+00 7.133716e+01 1.128343e-17) (7.659738e-01 6.380686e-02 -6.050260e-20) (0.000000e+00 0.000000e+00 0.000000e+00)) ((-1.070057e+01 -9.264758e-01 1.437234e+01) (-9.571029e-03 1.148961e-01 7.996420e-03) (0.000000e+00 0.000000e+00 0.000000e+00))
362          	((-6.177110e+00 7.133759e+01 1.128354e-17) (7.659481e-01 6.388459e-02 -6.079145e-20) (0.000000e+00 0.000000e+00 0.000000e+00)) ((-1.070064e+01 -9.265665e-01 1.437233e+01) (-9.582688e-03 1.148922e-01 8.003312e-03) (0.000000e+00 0.000000e+00 0.000000e+00))
363          	((-6.176509e+00 7.133719e+01 1.128343e-17) (7.659739e-01 6.380685e-02 -6.050263e-20) (0.000000e+00 0.000000e+00 0.000000e+00)) ((-1.070058e+01 -9.264764e-01 1.437235e+01) (-9.571028e-03 1.148961e-01 7.996397e-03) (0.000000e+00 0.000000e+00 0.000000e+00))
364          	((-6.177114e+00 7.133762e+01 1.128355e-17) (7.659482e-01 6.388458e-02 -6.079147e-20) (0.000000e+00 0.000000e+00 0.000000e+00)) ((-1.070064e+01 -9.265671e-01 1.437234e+01) (-9.582687e-03 1.148922e-01 8.003290e-03) (0.000000e+00 0.000000e+00 0.000000e+00))
