1	1.2716e-05
2	0.000597005
3	0.000346216
4	0.000680837
5	4.08604e-05
6	0.000359688
7	0.000158786
8	0.000162573
9	0.00017438
10	4.26913e-05
11	0.000101384
12	2.51686e-05
13	7.52135e-05
14	3.2278e-05
15	4.25373e-05
16	3.77786e-05
17	1.96574e-05
18	3.71648e-05
19	1.20506e-05
20	2.15944e-05
21	1.80391e-05
22	1.30287e-05
23	9.57377e-06
24	1.8762e-05
25	1.87038e-05
26	1.46262e-05
27	1.53585e-05
28	2.03797e-05
29	1.40312e-05
30	8.01033e-06
31	1.47519e-05
32	1.74571e-05
33	1.20119e-05
34	1.24431e-05
35	2.21696e-05
36	1.31193e-05
37	2.55879e-05
38	1.61746e-05
39	2.76577e-05
40	1.57426e-05
41	1.68215e-05
42	1.79297e-05
43	1.91655e-05
44	2.36031e-05
45	3.18129e-05
46	1.67241e-05
47	3.05476e-05
48	3.24719e-05
49	1.41572e-05
50	1.74703e-05
51	1.88534e-05
52	1.09077e-05
53	3.4767e-05
54	1.91771e-05
55	1.95675e-05
56	1.41194e-05
57	2.07767e-05
58	2.40247e-05
59	1.50464e-05
60	1.88075e-05
61	2.15847e-05
62	2.34298e-05
63	2.41516e-05
64	1.80119e-05
65	2.36563e-05
66	1.79203e-05
67	2.26756e-05
68	1.92177e-05
69	1.84047e-05
70	2.41774e-05
71	1.87518e-05
72	2.05453e-05
73	1.26359e-05
74	2.13684e-05
75	1.9292e-05
76	2.17033e-05
77	1.86686e-05
78	1.96785e-05
79	2.62996e-05
80	3.24438e-05
81	1.9761e-05
82	2.94117e-05
83	1.93023e-05
84	2.77011e-05
85	1.45677e-05
86	1.83641e-05
87	2.55614e-05
88	1.6786e-05
89	2.83084e-05
90	1.34887e-05
91	1.23813e-05
92	2.24484e-05
93	1.29094e-05
94	1.27987e-05
95	9.58091e-06
96	1.10272e-05
97	1.86474e-05
98	1.67437e-05
99	1.79683e-05
100	1.20933e-05
101	1.64584e-05
102	1.45564e-05
103	5.69333e-06
104	5.38658e-06
105	9.14084e-06
106	1.16322e-05
107	8.40411e-06
108	9.2103e-06
109	6.91211e-06
110	7.26136e-06
111	7.87396e-06
112	7.42601e-06
113	8.34006e-06
114	4.40262e-06
115	6.00202e-06
116	9.60686e-06
117	7.49017e-06
118	8.48451e-06
119	5.43261e-06
120	3.70485e-06
121	7.21829e-06
122	8.56585e-06
123	6.66065e-06
124	4.00314e-06
125	3.36334e-06
126	5.51743e-06
127	4.54166e-06
128	6.18665e-06
129	5.58708e-06
130	6.29926e-06
131	3.05467e-06
132	8.29089e-06
133	5.94123e-06
134	3.9254e-06
135	4.90583e-06
136	4.58444e-06
137	5.87438e-06
138	2.87735e-06
139	8.09684e-06
140	4.80967e-06
141	3.23003e-06
142	4.12665e-06
143	4.607e-06
144	7.79552e-06
145	6.91013e-06
146	7.13016e-06
147	4.8686e-06
148	3.60989e-06
149	2.88873e-06
150	3.44982e-06
151	3.2923e-06
152	3.70697e-06
153	5.23711e-06
154	4.61341e-06
155	3.513e-06
156	7.57147e-06
157	7.76035e-06
158	3.64174e-06
159	6.06691e-06
160	3.45653e-06
161	7.52125e-06
162	4.60201e-06
163	6.34268e-06
164	5.20856e-06
165	5.47693e-06
166	4.42375e-06
167	5.09677e-06
168	5.86675e-06
169	7.76293e-06
170	7.39306e-06
171	6.52862e-06
172	5.71845e-06
173	5.38757e-06
174	5.38495e-06
175	5.30353e-06
176	5.06632e-06
177	4.42164e-06
178	3.52425e-06
179	7.48053e-06
180	4.99646e-06
181	4.72862e-06
182	4.52079e-06
183	4.46452e-06
184	4.15582e-06
185	3.9017e-06
186	3.72515e-06
187	3.56963e-06
188	3.66245e-06
189	3.98524e-06
190	5.58464e-06
191	7.42142e-06
192	6.69361e-06
193	8.09071e-06
194	6.41176e-06
195	7.55292e-06
196	7.52174e-06
197	4.29217e-06
198	3.18013e-06
199	2.97106e-06
200	2.91122e-06
201	2.3237e-06
202	6.92822e-06
203	7.54641e-06
204	2.83567e-06
205	3.26924e-06
206	3.60275e-06
207	3.62058e-06
208	3.60042e-06
209	3.72527e-06
210	3.72415e-06
211	3.63286e-06
212	3.62791e-06
213	3.5912e-06
214	3.44445e-06
215	3.38582e-06
216	3.30968e-06
217	3.21252e-06
218	3.17165e-06
219	3.21332e-06
220	3.28201e-06
221	3.21741e-06
222	3.16968e-06
223	3.14342e-06
224	3.26492e-06
225	3.52965e-06
226	3.63141e-06
227	3.58665e-06
228	3.58554e-06
229	3.62343e-06
230	3.74637e-06
231	3.88919e-06
232	4.48816e-06
233	5.10828e-06
234	7.53399e-06
235	5.42972e-06
236	5.70447e-06
237	6.17068e-06
238	6.96983e-06
239	3.53671e-06
240	3.33232e-06
241	4.35047e-06
242	4.89267e-06
243	4.70435e-06
244	4.11664e-06
245	3.28022e-06
246	2.80314e-06
247	7.15225e-06
248	6.84299e-06
249	6.59127e-06
250	5.89488e-06
251	5.40897e-06
252	5.08781e-06
253	4.93472e-06
254	4.95384e-06
255	4.76629e-06
256	4.51551e-06
257	4.40884e-06
258	4.22478e-06
259	4.07525e-06
260	4.11042e-06
261	4.17022e-06
262	4.03773e-06
263	4.19669e-06
264	4.6103e-06
265	4.75454e-06
266	4.61956e-06
267	4.35661e-06
268	3.84311e-06
269	3.8127e-06
270	7.05724e-06
271	4.98753e-06
272	5.76994e-06
273	6.03008e-06
274	6.10863e-06
275	5.83413e-06
276	5.37518e-06
277	5.02053e-06
278	4.66033e-06
279	4.49952e-06
280	4.21234e-06
281	4.24877e-06
282	4.11508e-06
283	3.87301e-06
284	3.76543e-06
285	3.73734e-06
286	3.67228e-06
287	3.59046e-06
288	3.60617e-06
289	3.54009e-06
290	3.52998e-06
291	3.54212e-06
292	3.49739e-06
293	3.54814e-06
294	3.57045e-06
295	3.40802e-06
296	3.49446e-06
297	3.41052e-06
298	3.12727e-06
299	3.1469e-06
300	8.24421e-06
301	7.69042e-06
302	3.1178e-06
303	2.98702e-06
304	7.23654e-06
305	7.55455e-06
306	6.55858e-06
307	5.99058e-06
308	7.41467e-06
309	7.19614e-06
310	6.00432e-06
311	6.9106e-06
312	6.98146e-06
313	5.8598e-06
314	6.30442e-06
315	6.18408e-06
316	5.989e-06
317	5.603e-06
318	5.45059e-06
319	5.32172e-06
320	4.78526e-06
321	4.53151e-06
322	4.87721e-06
323	4.2501e-06
324	7.06365e-06
325	4.04184e-06
326	4.59636e-06
327	4.14596e-06
328	3.52338e-06
329	4.13684e-06
330	3.57783e-06
331	4.64793e-06
332	3.01179e-06
333	4.03964e-06
334	2.70035e-06
335	7.58244e-06
336	3.92659e-06
337	5.39914e-06
338	5.35184e-06
339	4.79099e-06
340	3.91172e-06
341	6.38057e-06
342	6.44518e-06
343	6.40961e-06
344	6.45929e-06
345	7.73856e-06
346	5.89601e-06
347	6.33513e-06
348	5.69038e-06
349	4.99188e-06
350	6.72801e-06
351	6.10092e-06
352	6.06658e-06
353	7.24496e-06
354	5.48982e-06
355	8.24149e-06
356	5.83399e-06
357	4.59307e-06
358	7.12179e-06
359	7.97296e-06
360	7.53644e-06
361	5.10809e-06
362	4.87003e-06
363	6.91005e-06
364	6.59428e-06
365	4.38178e-06
366	6.25243e-06
367	3.98696e-06
368	8.07363e-06
369	6.47623e-06
370	7.13969e-06
371	5.4653e-06
372	7.14283e-06
373	4.04877e-06
374	7.12663e-06
375	7.6739e-06
376	4.67915e-06
377	7.81584e-06
378	6.82505e-06
379	7.62738e-06
380	8.27194e-06
381	5.33231e-06
382	3.74402e-06
383	5.12641e-06
384	5.3248e-06
385	6.68043e-06
386	5.29789e-06
387	4.58763e-06
388	6.86198e-06
389	6.46997e-06
390	4.10656e-06
391	7.99484e-06
392	8.14985e-06
393	4.60852e-06
394	5.04863e-06
395	4.42839e-06
396	5.66425e-06
397	5.96635e-06
398	7.31666e-06
399	6.51847e-06
400	7.99828e-06
401	7.0835e-06
402	5.38664e-06
403	5.6767e-06
404	4.30005e-06
405	7.87711e-06
406	6.16111e-06
407	3.36876e-06
408	6.91401e-06
409	6.79696e-06
410	7.99952e-06
411	6.0473e-06
412	6.29239e-06
413	7.9597e-06
414	3.46463e-06
415	5.2236e-06
416	7.05198e-06
417	7.1858e-06
418	6.62105e-06
419	8.31626e-06
420	3.94019e-06
421	3.87961e-06
422	3.08997e-06
423	3.46436e-06
424	5.37686e-06
425	4.98968e-06
426	5.55906e-06
427	3.45264e-06
428	3.33366e-06
429	3.73846e-06
430	6.58168e-06
431	3.50016e-06
432	3.68221e-06
433	4.59395e-06
434	4.97162e-06
435	4.73932e-06
436	7.01809e-06
437	6.64833e-06
438	7.63658e-06
439	3.61972e-06
440	6.59727e-06
441	4.33162e-06
442	5.10418e-06
443	4.11091e-06
444	4.00584e-06
445	6.99056e-06
446	4.41397e-06
447	4.32316e-06
448	5.88586e-06
449	8.07895e-06
450	4.21781e-06
451	3.8084e-06
452	4.55562e-06
453	3.80395e-06
454	4.06134e-06
455	5.88809e-06
456	3.93162e-06
457	7.57591e-06
458	8.29084e-06
459	3.64218e-06
460	3.81992e-06
461	5.76594e-06
462	3.11938e-06
463	3.86599e-06
464	5.90341e-06
465	6.95975e-06
466	4.61871e-06
467	5.14367e-06
468	8.39623e-06
469	4.4421e-06
470	4.8213e-06
471	2.95002e-06
472	7.91733e-06
473	7.1198e-06
474	8.24604e-06
475	4.72769e-06
476	5.26174e-06
477	8.09981e-06
478	3.29834e-06
479	7.20457e-06
480	8.00762e-06
481	4.08052e-06
482	4.96752e-06
483	4.19459e-06
484	3.65784e-06
485	5.41234e-06
486	7.12391e-06
487	7.28864e-06
488	7.18175e-06
489	4.05162e-06
490	6.54528e-06
491	8.40976e-06
492	5.7089e-06
493	6.42438e-06
494	8.29036e-06
495	6.05248e-06
496	3.13543e-06
497	3.60463e-06
498	3.36972e-06
499	7.73688e-06
500	3.71448e-06
501	3.21648e-06
502	4.05209e-06
503	4.52392e-06
504	4.83686e-06
505	3.71024e-06
506	3.71448e-06
507	5.05308e-06
508	2.73449e-06
509	8.33522e-06
510	3.79612e-06
511	2.79878e-06
512	3.73805e-06
513	6.8115e-06
514	5.83725e-06
515	4.45815e-06
516	5.63821e-06
517	7.02288e-06
518	4.55588e-06
519	5.03029e-06
520	7.17628e-06
521	4.03093e-06
522	4.40169e-06
523	5.62961e-06
524	3.77485e-06
525	3.88098e-06
526	3.48977e-06
527	6.02588e-06
528	4.74289e-06
529	3.3669e-06
530	5.91961e-06
531	3.94927e-06
532	8.34153e-06
533	5.51956e-06
534	3.31762e-06
535	6.3352e-06
536	3.63153e-06
537	7.29089e-06
538	3.78522e-06
539	6.20948e-06
540	7.37721e-06
541	5.73314e-06
542	6.48481e-06
543	4.6108e-06
544	7.91833e-06
545	4.67943e-06
546	7.92558e-06
547	7.19255e-06
548	8.33383e-06
549	3.60413e-06
550	4.9778e-06
551	4.85806e-06
552	3.47786e-06
553	8.37762e-06
554	7.67196e-06
555	6.07797e-06
556	6.14516e-06
557	8.21565e-06
558	6.60773e-06
559	4.38195e-06
560	7.85545e-06
561	4.13821e-06
562	3.80442e-06
563	6.35518e-06
564	4.46513e-06
565	4.16023e-06
566	4.68549e-06
567	8.18083e-06
568	4.51985e-06
569	7.99504e-06
570	5.88481e-06
571	3.9369e-06
572	6.99186e-06
573	6.7667e-06
574	7.22732e-06
575	5.23356e-06
576	6.80293e-06
577	6.49321e-06
578	3.8499e-06
579	7.55068e-06
580	5.59959e-06
581	7.49398e-06
582	7.62571e-06
583	7.70911e-06
584	8.0251e-06
585	7.35691e-06
586	7.90049e-06
587	5.21064e-06
588	7.04318e-06
589	5.14229e-06
590	3.81138e-06
591	7.31528e-06
592	4.69621e-06
593	3.95752e-06
594	6.23815e-06
595	7.30725e-06
596	4.02169e-06
597	6.34688e-06
598	6.60704e-06
599	4.09239e-06
600	5.04574e-06
601	6.75674e-06
602	4.02498e-06
603	6.07047e-06
604	5.36706e-06
605	4.05938e-06
606	6.98201e-06
607	8.13862e-06
608	4.04953e-06
609	3.98027e-06
610	4.84957e-06
611	4.6058e-06
612	6.50102e-06
613	4.07298e-06
614	8.36662e-06
615	6.30403e-06
616	3.75573e-06
617	3.74599e-06
618	5.85197e-06
619	7.04645e-06
620	8.36125e-06
621	6.28958e-06
622	4.08589e-06
623	7.59067e-06
624	4.1646e-06
625	4.48322e-06
626	7.00025e-06
627	6.05001e-06
628	4.53274e-06
629	8.42353e-06
630	4.42731e-06
631	8.11987e-06
632	6.56656e-06
633	4.8848e-06
634	5.64127e-06
635	7.12263e-06
636	4.53849e-06
637	6.18618e-06
638	6.7484e-06
639	5.48427e-06
640	5.449e-06
641	7.17686e-06
642	4.48306e-06
643	6.31379e-06
644	6.65241e-06
645	5.43019e-06
646	5.46085e-06
647	7.1526e-06
648	4.5511e-06
649	6.34733e-06
650	6.66461e-06
651	5.46469e-06
652	5.4914e-06
653	7.18247e-06
654	4.53025e-06
655	6.34744e-06
656	6.67202e-06
657	5.43679e-06
658	5.4686e-06
659	7.13811e-06
660	4.515e-06
661	6.36557e-06
662	6.64563e-06
663	5.4297e-06
664	5.59618e-06
665	7.07814e-06
666	4.52992e-06
667	6.6112e-06
668	6.61876e-06
669	5.55062e-06
670	5.40311e-06
671	7.06035e-06
672	4.63494e-06
673	6.57707e-06
674	6.62096e-06
675	5.56308e-06
676	5.27628e-06
677	7.04149e-06
678	4.70939e-06
679	6.42486e-06
680	6.57867e-06
681	5.62219e-06
682	5.15908e-06
683	7.05115e-06
684	4.70412e-06
685	6.36426e-06
686	6.59085e-06
687	5.54513e-06
688	5.15749e-06
689	6.99151e-06
690	4.66335e-06
691	7.34163e-06
692	6.86278e-06
693	5.57992e-06
694	5.55339e-06
695	7.73871e-06
696	4.36435e-06
697	8.18803e-06
698	6.27003e-06
699	5.55197e-06
700	4.89815e-06
701	7.71582e-06
702	4.50227e-06
703	8.08386e-06
704	6.32513e-06
705	5.49642e-06
706	4.87744e-06
707	7.66044e-06
708	4.46822e-06
709	8.0113e-06
710	6.27271e-06
711	4.01752e-06
712	6.21265e-06
713	6.95528e-06
714	4.11494e-06
715	6.9202e-06
716	6.46454e-06
717	4.21572e-06
718	6.5559e-06
719	6.92941e-06
720	5.98805e-06
721	8.20466e-06
722	7.0034e-06
723	5.39583e-06
724	6.35493e-06
725	5.25794e-06
726	5.49031e-06
727	4.93975e-06
728	7.24268e-06
729	5.71617e-06
730	4.80353e-06
