1	0.23
2	0.28
3	0.33
4	0.38
5	0.44
6	0.48
7	0.52
8	0.57
9	0.61
10	0.66
11	0.7
12	0.75
13	0.79
14	0.83
15	0.87
16	0.92
17	0.96
18	1.01
19	1.05
20	1.09
21	1.13
22	1.18
23	1.22
24	1.25
25	1.29
26	1.33
27	1.37
28	1.41
29	1.46
30	1.5
31	1.53
32	1.57
33	1.61
34	1.65
35	1.69
36	1.73
37	1.77
38	1.81
39	1.84
40	1.88
41	1.92
42	1.95
43	1.99
44	2.02
45	2.06
46	2.1
47	2.14
48	2.17
49	2.21
50	2.25
51	2.29
52	2.32
53	2.36
54	2.4
55	2.44
56	2.47
57	2.51
58	2.55
59	2.58
60	2.63
61	2.66
62	2.7
63	2.74
64	2.78
65	2.82
66	2.85
67	2.89
68	2.93
69	2.97
70	3.01
71	3.05
72	3.08
73	3.12
74	3.16
75	3.2
76	3.24
77	3.27
78	3.31
79	3.35
80	3.38
81	3.42
82	3.46
83	3.5
84	3.53
85	3.57
86	3.61
87	3.65
88	3.69
89	3.72
90	3.76
91	3.8
92	3.83
93	3.87
94	3.91
95	3.95
96	3.99
97	4.02
98	4.06
99	4.09
100	4.13
101	4.17
102	4.21
103	4.24
104	4.28
105	4.32
106	4.35
107	4.39
108	4.43
109	4.47
110	4.51
111	4.54
112	4.57
113	4.6
114	4.64
115	4.67
116	4.72
117	4.75
118	4.78
119	4.81
120	4.85
121	4.88
122	4.92
123	4.95
124	4.99
125	5.02
126	5.06
127	5.09
128	5.13
129	5.16
130	5.19
131	5.23
132	5.26
133	5.3
134	5.33
135	5.36
136	5.41
137	5.44
138	5.47
139	5.51
140	5.54
141	5.57
142	5.6
143	5.64
144	5.67
145	5.7
146	5.74
147	5.77
148	5.8
149	5.83
150	5.87
151	5.9
152	5.94
153	5.97
154	6
155	6.04
156	6.07
157	6.1
158	6.14
159	6.17
160	6.2
161	6.24
162	6.28
163	6.31
164	6.34
165	6.38
166	6.41
167	6.45
168	6.48
169	6.51
170	6.55
171	6.58
172	6.61
173	6.65
174	6.68
175	6.71
176	6.75
177	6.78
178	6.81
179	6.85
180	6.88
181	6.92
182	6.95
183	6.98
184	7.01
185	7.06
186	7.09
187	7.12
188	7.16
189	7.19
190	7.23
191	7.26
192	7.29
193	7.32
194	7.36
195	7.39
196	7.42
197	7.45
198	7.49
199	7.52
200	7.59
201	7.68
202	7.72
203	7.75
204	7.79
205	7.82
206	7.85
207	7.89
208	7.92
209	7.95
210	7.98
211	8.02
212	8.05
213	8.08
214	8.11
215	8.15
216	8.18
217	8.21
218	8.25
219	8.28
220	8.31
221	8.35
222	8.39
223	8.42
224	8.45
225	8.48
226	8.51
227	8.55
228	8.58
229	8.61
230	8.64
231	8.67
232	8.71
233	8.74
234	8.77
235	8.81
236	8.84
237	8.87
238	8.9
239	8.93
240	8.97
241	9.01
242	9.04
243	9.07
244	9.11
245	9.14
246	9.18
247	9.21
248	9.25
249	9.28
250	9.32
251	9.35
252	9.39
253	9.42
254	9.45
255	9.48
256	9.51
257	9.54
258	9.58
259	9.61
260	9.64
261	9.67
262	9.71
263	9.73
264	9.77
265	9.81
266	9.84
267	9.87
268	9.9
269	9.93
270	9.96
271	9.99
272	10.03
273	10.06
274	10.09
275	10.11
276	10.15
277	10.18
278	10.21
279	10.25
280	10.28
281	10.3
282	10.33
283	10.37
284	10.4
285	10.43
286	10.46
287	10.49
288	10.53
289	10.56
290	10.59
291	10.62
292	10.65
293	10.67
294	10.7
295	10.74
296	10.77
297	10.8
298	10.83
299	10.86
300	10.89
301	10.92
302	10.95
303	10.98
304	11.01
305	11.04
306	11.07
307	11.09
308	11.12
309	11.15
310	11.18
311	11.21
312	11.24
313	11.27
314	11.3
315	11.32
316	11.35
317	11.38
318	11.41
319	11.44
320	11.47
321	11.5
322	11.53
323	11.55
324	11.58
325	11.61
326	11.64
327	11.67
328	11.7
329	11.73
330	11.76
331	11.79
332	11.82
333	11.84
334	11.87
335	11.9
336	11.93
337	11.95
338	11.98
339	12.01
340	12.03
341	12.06
342	12.09
343	12.12
344	12.15
345	12.18
346	12.21
347	12.23
348	12.26
349	12.29
350	12.32
351	12.35
352	12.37
353	12.4
354	12.42
355	12.45
356	12.48
357	12.51
358	12.53
359	12.55
360	12.58
361	12.61
362	12.64
363	12.66
364	12.69
365	12.71
366	12.75
367	12.77
368	12.8
369	12.83
370	12.85
371	12.87
372	12.9
373	12.93
374	12.95
375	12.98
376	13
377	13.03
378	13.06
379	13.08
380	13.11
381	13.13
382	13.16
383	13.19
384	13.22
385	13.25
386	13.28
387	13.3
388	13.33
389	13.36
390	13.38
391	13.41
392	13.43
393	13.46
394	13.48
395	13.51
396	13.53
397	13.56
398	13.59
399	13.61
400	13.68
401	13.75
402	13.77
403	13.8
404	13.82
405	13.85
406	13.87
407	13.9
408	13.92
409	13.95
410	13.98
411	14
412	14.03
413	14.05
414	14.07
415	14.11
416	14.13
417	14.16
418	14.19
419	14.22
420	14.24
421	14.27
422	14.29
423	14.32
424	14.34
425	14.37
426	14.39
427	14.42
428	14.44
429	14.46
430	14.48
431	14.51
432	14.53
433	14.56
434	14.58
435	14.61
436	14.63
437	14.65
438	14.68
439	14.71
440	14.74
441	14.76
442	14.78
443	14.81
444	14.83
445	14.85
446	14.88
447	14.9
448	14.93
449	14.95
450	14.98
451	15
452	15.03
453	15.05
454	15.07
455	15.09
456	15.12
457	15.15
458	15.17
459	15.2
460	15.22
461	15.25
462	15.27
463	15.3
464	15.32
465	15.34
466	15.36
467	15.38
468	15.41
469	15.44
470	15.46
471	15.48
472	15.51
473	15.53
474	15.55
475	15.57
476	15.6
477	15.62
478	15.64
479	15.66
480	15.68
481	15.71
482	15.73
483	15.75
484	15.78
485	15.8
486	15.82
487	15.85
488	15.88
489	15.9
490	15.92
491	15.94
492	15.97
493	15.99
494	16.01
495	16.03
496	16.06
497	16.08
498	16.1
499	16.13
500	16.15
501	16.17
502	16.2
503	16.22
504	16.24
505	16.27
506	16.29
507	16.31
508	16.34
509	16.36
510	16.38
511	16.41
512	16.43
513	16.45
514	16.48
515	16.5
516	16.52
517	16.55
518	16.57
519	16.6
520	16.62
521	16.64
522	16.67
523	16.69
524	16.72
525	16.74
526	16.77
527	16.79
528	16.81
529	16.83
530	16.86
531	16.88
532	16.9
533	16.92
534	16.95
535	16.97
536	16.99
537	17.02
538	17.04
539	17.06
540	17.09
541	17.11
542	17.13
543	17.15
544	17.17
545	17.19
546	17.22
547	17.23
548	17.26
549	17.29
550	17.31
551	17.33
552	17.36
553	17.38
554	17.4
555	17.42
556	17.45
557	17.46
558	17.49
559	17.51
560	17.53
561	17.55
562	17.58
563	17.6
564	17.62
565	17.64
566	17.67
567	17.69
568	17.71
569	17.73
570	17.76
571	17.78
572	17.8
573	17.82
574	17.85
575	17.87
576	17.89
577	17.91
578	17.94
579	17.96
580	17.98
581	18
582	18.02
583	18.04
584	18.06
585	18.08
586	18.11
587	18.13
588	18.15
589	18.17
590	18.2
591	18.21
592	18.23
593	18.26
594	18.29
595	18.3
596	18.33
597	18.35
598	18.37
599	18.39
600	18.45
601	18.52
602	18.54
603	18.57
604	18.59
605	18.61
606	18.64
607	18.66
608	18.68
609	18.71
610	18.73
611	18.75
612	18.77
613	18.79
614	18.82
615	18.84
616	18.86
617	18.89
618	18.91
619	18.93
620	18.95
621	18.97
622	18.99
623	19.01
624	19.03
625	19.05
626	19.07
627	19.09
628	19.12
629	19.14
630	19.16
631	19.18
632	19.21
633	19.23
634	19.25
635	19.27
636	19.29
637	19.31
638	19.33
639	19.36
640	19.38
641	19.4
642	19.41
643	19.44
644	19.46
645	19.48
646	19.5
647	19.52
648	19.54
649	19.56
650	19.59
651	19.61
652	19.63
653	19.65
654	19.67
655	19.69
656	19.71
657	19.73
658	19.75
659	19.77
660	19.79
661	19.81
662	19.84
663	19.86
664	19.88
665	19.9
666	19.92
667	19.94
668	19.96
669	19.98
670	20
671	20.02
672	20.04
673	20.06
674	20.09
675	20.11
676	20.13
677	20.15
678	20.18
679	20.2
680	20.22
681	20.24
682	20.26
683	20.28
684	20.3
685	20.32
686	20.34
687	20.37
688	20.39
689	20.41
690	20.43
691	20.44
692	20.47
693	20.49
694	20.51
695	20.53
696	20.56
697	20.57
698	20.6
699	20.62
700	20.63
701	20.66
702	20.68
703	20.7
704	20.72
705	20.74
706	20.76
707	20.78
708	20.8
709	20.82
710	20.84
711	20.86
712	20.88
713	20.9
714	20.92
715	20.95
716	20.97
717	20.99
718	21.01
719	21.03
720	21.05
721	21.07
722	21.09
723	21.11
724	21.12
725	21.14
726	21.16
727	21.18
728	21.21
729	21.23
730	21.25
