1	3.37829e-07
2	4.02649e-07
3	3.27004e-07
4	9.61736e-07
5	6.33202e-07
6	7.11627e-07
7	4.53889e-07
8	3.02486e-07
9	3.34176e-07
10	3.0633e-07
11	8.42201e-07
12	8.11905e-07
13	8.04872e-07
14	7.19538e-07
15	6.74898e-07
16	6.59741e-07
17	6.28553e-07
18	6.02224e-07
19	5.89918e-07
20	5.77151e-07
21	5.67591e-07
22	5.62827e-07
23	5.57643e-07
24	5.5004e-07
25	5.4366e-07
26	5.38464e-07
27	5.30922e-07
28	5.1967e-07
29	5.11296e-07
30	5.093e-07
31	5.02321e-07
32	4.873e-07
33	4.74303e-07
34	4.70551e-07
35	4.68829e-07
36	4.60077e-07
37	4.47489e-07
38	4.37676e-07
39	4.33885e-07
40	4.29587e-07
41	4.20107e-07
42	4.06491e-07
43	4.00133e-07
44	3.98863e-07
45	3.91149e-07
46	3.75459e-07
47	3.67717e-07
48	3.68152e-07
49	3.60649e-07
50	3.45105e-07
51	3.37264e-07
52	3.37889e-07
53	3.30406e-07
54	3.16419e-07
55	3.0965e-07
56	3.09537e-07
57	3.0219e-07
58	2.90257e-07
59	2.85165e-07
60	2.84316e-07
61	2.77429e-07
62	9.77823e-07
63	9.65693e-07
64	9.59917e-07
65	9.3814e-07
66	9.14672e-07
67	9.04205e-07
68	8.95111e-07
69	8.76967e-07
70	8.59294e-07
71	8.49877e-07
72	8.39151e-07
73	8.24303e-07
74	8.11648e-07
75	8.02486e-07
76	7.92038e-07
77	7.80477e-07
78	7.69793e-07
79	7.60407e-07
80	7.51806e-07
81	7.41848e-07
82	7.32682e-07
83	7.23744e-07
84	7.15788e-07
85	7.07604e-07
86	6.99583e-07
87	6.92113e-07
88	6.83853e-07
89	6.76665e-07
90	6.70377e-07
91	6.63731e-07
92	6.56461e-07
93	6.49805e-07
94	6.44112e-07
95	6.38872e-07
96	6.32753e-07
97	6.27496e-07
98	6.22102e-07
99	6.17164e-07
100	6.12158e-07
101	6.07876e-07
102	6.03618e-07
103	5.99229e-07
104	5.95296e-07
105	5.91561e-07
106	5.88231e-07
107	5.84848e-07
108	5.81682e-07
109	5.79098e-07
110	5.7627e-07
111	5.73769e-07
112	5.71268e-07
113	5.69392e-07
114	5.67567e-07
115	5.65816e-07
116	5.64379e-07
117	5.62721e-07
118	5.61525e-07
119	5.59943e-07
120	5.59233e-07
121	5.58094e-07
122	5.57376e-07
123	5.56371e-07
124	5.55655e-07
125	5.54613e-07
126	5.53898e-07
127	5.53072e-07
128	5.5215e-07
129	5.51499e-07
130	5.5061e-07
131	5.49729e-07
132	5.489e-07
133	5.4789e-07
134	5.46936e-07
135	5.45647e-07
136	5.44915e-07
137	5.43463e-07
138	5.42706e-07
139	5.41307e-07
140	5.40474e-07
141	5.38887e-07
142	5.38252e-07
143	5.36616e-07
144	5.36024e-07
145	5.34607e-07
146	5.33984e-07
147	5.32711e-07
148	5.32096e-07
149	5.30949e-07
150	5.304e-07
151	5.29319e-07
152	5.28873e-07
153	5.27762e-07
154	5.27356e-07
155	5.26182e-07
156	5.25795e-07
157	5.24653e-07
158	5.2415e-07
159	5.23059e-07
160	5.22657e-07
161	5.21601e-07
162	5.21217e-07
163	5.20255e-07
164	5.19836e-07
165	5.19102e-07
166	5.18584e-07
167	5.18131e-07
168	5.17612e-07
169	5.17513e-07
170	5.1691e-07
171	5.17125e-07
172	5.16754e-07
173	5.16926e-07
174	5.16866e-07
175	5.1695e-07
176	5.17121e-07
177	5.17249e-07
178	5.17477e-07
179	5.17785e-07
180	5.17809e-07
181	5.18326e-07
182	5.18581e-07
183	5.18878e-07
184	5.19315e-07
185	5.19691e-07
186	5.20163e-07
187	5.20595e-07
188	5.21328e-07
189	5.21991e-07
190	5.22878e-07
191	5.23635e-07
192	5.24416e-07
193	5.24986e-07
194	5.25601e-07
195	5.26213e-07
196	5.26519e-07
197	5.27073e-07
198	5.27307e-07
199	5.27664e-07
200	5.27739e-07
201	5.27947e-07
202	5.27974e-07
203	5.2791e-07
204	5.27857e-07
205	5.27641e-07
206	5.27364e-07
207	5.2682e-07
208	5.26379e-07
209	5.25631e-07
210	5.24911e-07
211	5.24049e-07
212	5.231e-07
213	5.22124e-07
214	5.20898e-07
215	5.19737e-07
216	5.18511e-07
217	5.17251e-07
218	5.15951e-07
219	5.14497e-07
220	5.13087e-07
221	5.11633e-07
222	5.10078e-07
223	5.08511e-07
224	5.06833e-07
225	5.0514e-07
226	5.03307e-07
227	5.01506e-07
228	4.99549e-07
229	4.97646e-07
230	4.95629e-07
231	4.93575e-07
232	4.91412e-07
233	4.89143e-07
234	4.86738e-07
235	4.84242e-07
236	4.81466e-07
237	4.78578e-07
238	4.75383e-07
239	4.72003e-07
240	4.6833e-07
241	4.64404e-07
242	4.60141e-07
243	4.55555e-07
244	4.5073e-07
245	4.45423e-07
246	4.39933e-07
247	4.34009e-07
248	4.27801e-07
249	4.21255e-07
250	4.14428e-07
251	4.0738e-07
252	4.00106e-07
253	3.92716e-07
254	3.85241e-07
255	3.77796e-07
256	3.70465e-07
257	3.63258e-07
258	3.56307e-07
259	3.49582e-07
260	3.43177e-07
261	3.37003e-07
262	3.31192e-07
263	3.25616e-07
264	3.20483e-07
265	3.15536e-07
266	3.11136e-07
267	3.0682e-07
268	3.03017e-07
269	2.99274e-07
270	9.88993e-07
271	9.78567e-07
272	9.67914e-07
273	9.58386e-07
274	9.48579e-07
275	9.39342e-07
276	9.29725e-07
277	9.2018e-07
278	9.10504e-07
279	9.00543e-07
280	8.90775e-07
281	8.8055e-07
282	8.7062e-07
283	8.60185e-07
284	8.49784e-07
285	8.39319e-07
286	8.28626e-07
287	8.18193e-07
288	8.07397e-07
289	7.96742e-07
290	7.86064e-07
291	7.74832e-07
292	7.64266e-07
293	7.5315e-07
294	7.42315e-07
295	7.31367e-07
296	7.2003e-07
297	7.09494e-07
298	6.98336e-07
299	6.87687e-07
300	6.76807e-07
301	6.65682e-07
302	6.55336e-07
303	6.44553e-07
304	6.34093e-07
305	6.2383e-07
306	6.133e-07
307	6.03571e-07
308	5.93798e-07
309	5.83839e-07
310	5.74774e-07
311	5.65511e-07
312	5.56425e-07
313	5.47864e-07
314	5.39162e-07
315	5.31066e-07
316	5.23195e-07
317	5.15186e-07
318	5.08229e-07
319	5.01201e-07
320	4.94347e-07
321	4.8867e-07
322	4.82815e-07
323	4.77381e-07
324	4.72964e-07
325	4.68411e-07
326	4.6411e-07
327	4.6074e-07
328	4.57011e-07
329	4.53593e-07
330	4.50892e-07
331	4.47882e-07
332	4.45106e-07
333	4.43026e-07
334	4.40476e-07
335	4.37967e-07
336	4.36069e-07
337	4.33953e-07
338	4.3161e-07
339	4.29668e-07
340	4.27686e-07
341	4.25469e-07
342	4.23442e-07
343	4.21315e-07
344	4.19251e-07
345	4.16893e-07
346	4.14845e-07
347	4.12579e-07
348	4.09964e-07
349	4.07909e-07
350	4.05374e-07
351	4.02641e-07
352	4.00404e-07
353	3.97742e-07
354	3.94803e-07
355	3.92466e-07
356	3.89726e-07
357	3.86726e-07
358	3.84239e-07
359	3.81413e-07
360	3.78566e-07
361	3.75986e-07
362	3.73169e-07
363	3.70423e-07
364	3.67689e-07
365	3.64929e-07
366	3.62222e-07
367	3.59357e-07
368	3.5677e-07
369	3.53974e-07
370	3.50989e-07
371	3.48511e-07
372	3.45697e-07
373	3.42575e-07
374	3.40091e-07
375	3.37197e-07
376	3.33963e-07
377	3.31348e-07
378	3.2831e-07
379	3.25014e-07
380	3.22065e-07
381	3.18704e-07
382	3.14908e-07
383	3.11032e-07
384	3.06916e-07
385	9.96084e-07
386	9.79829e-07
387	9.64508e-07
388	9.47854e-07
389	9.2963e-07
390	9.11759e-07
391	8.93428e-07
392	8.73524e-07
393	8.53665e-07
394	8.33938e-07
395	8.12897e-07
396	7.91218e-07
397	7.70801e-07
398	7.49034e-07
399	7.26404e-07
400	7.05792e-07
401	6.84133e-07
402	6.6149e-07
403	6.40768e-07
404	6.19812e-07
405	5.9819e-07
406	5.77915e-07
407	5.58477e-07
408	5.38929e-07
409	5.19945e-07
410	5.03303e-07
411	4.86757e-07
412	4.70637e-07
413	4.57068e-07
414	4.44247e-07
415	4.32048e-07
416	4.21391e-07
417	4.12454e-07
418	4.0426e-07
419	3.96072e-07
420	3.90614e-07
421	3.85371e-07
422	3.80067e-07
423	3.7534e-07
424	3.71899e-07
425	3.6772e-07
426	3.63251e-07
427	3.58564e-07
428	3.53624e-07
429	3.48368e-07
430	3.43259e-07
431	3.37977e-07
432	3.32652e-07
433	3.27526e-07
434	3.22315e-07
435	3.17202e-07
436	3.12246e-07
437	3.07337e-07
438	3.0255e-07
439	2.9788e-07
440	9.86797e-07
441	9.72133e-07
442	9.58224e-07
443	9.4411e-07
444	9.30344e-07
445	9.16862e-07
446	9.04148e-07
447	8.9062e-07
448	8.77948e-07
449	8.65579e-07
450	8.5262e-07
451	8.40288e-07
452	8.28187e-07
453	8.15924e-07
454	8.03744e-07
455	7.92114e-07
456	7.79757e-07
457	7.67887e-07
458	7.56307e-07
459	7.44187e-07
460	7.32503e-07
461	7.20873e-07
462	7.09531e-07
463	6.97399e-07
464	6.8612e-07
465	6.74405e-07
466	6.62703e-07
467	6.51256e-07
468	6.40129e-07
469	6.28379e-07
470	6.17312e-07
471	6.06126e-07
472	5.95183e-07
473	5.84455e-07
474	5.74037e-07
475	5.63038e-07
476	5.52727e-07
477	5.42151e-07
478	5.31696e-07
479	5.21509e-07
480	5.11534e-07
481	5.01399e-07
482	4.91618e-07
483	4.82053e-07
484	4.72262e-07
485	4.63295e-07
486	4.53421e-07
487	4.44334e-07
488	4.35806e-07
489	4.26507e-07
490	4.17932e-07
491	4.09577e-07
492	4.01441e-07
493	3.93047e-07
494	3.85383e-07
495	3.77404e-07
496	3.69758e-07
497	3.62543e-07
498	3.55032e-07
499	3.47945e-07
500	3.4139e-07
501	3.34144e-07
502	3.27751e-07
503	3.2162e-07
504	3.14944e-07
505	3.09061e-07
506	3.0332e-07
507	2.97386e-07
508	2.91896e-07
509	9.8987e-07
510	9.7259e-07
511	9.546e-07
512	9.38711e-07
513	9.20988e-07
514	9.0634e-07
515	8.92267e-07
516	8.74718e-07
517	8.60874e-07
518	8.47834e-07
519	8.33821e-07
520	8.21691e-07
521	8.10443e-07
522	7.9556e-07
523	7.85055e-07
524	7.74127e-07
525	7.61997e-07
526	7.51413e-07
527	7.41016e-07
528	7.31687e-07
529	7.2149e-07
530	7.13144e-07
531	7.02682e-07
532	6.94344e-07
533	6.85729e-07
534	6.77582e-07
535	6.69575e-07
536	6.61753e-07
537	6.5384e-07
538	6.45379e-07
539	6.38007e-07
540	6.30595e-07
541	6.23592e-07
542	6.1722e-07
543	6.09e-07
544	6.02663e-07
545	5.95979e-07
546	5.88606e-07
547	5.82816e-07
548	5.76086e-07
549	5.69477e-07
550	5.63339e-07
551	5.57718e-07
552	5.52187e-07
553	5.46406e-07
554	5.40628e-07
555	5.33837e-07
556	5.28318e-07
557	5.22582e-07
558	5.16095e-07
559	5.10527e-07
560	5.05428e-07
561	4.99173e-07
562	4.94214e-07
563	4.89408e-07
564	4.81904e-07
565	4.77293e-07
566	4.72318e-07
567	4.66106e-07
568	4.6149e-07
569	4.56657e-07
570	4.51038e-07
571	4.46771e-07
572	4.43435e-07
573	4.38431e-07
574	4.34726e-07
575	4.30839e-07
576	4.25833e-07
577	4.23151e-07
578	4.18413e-07
579	4.1385e-07
580	4.10424e-07
581	4.06703e-07
582	4.01706e-07
583	3.97532e-07
584	3.94257e-07
585	3.89351e-07
586	3.85653e-07
587	3.82472e-07
588	3.77085e-07
589	3.74253e-07
590	3.70081e-07
591	3.65536e-07
592	3.62505e-07
593	3.586e-07
594	3.53604e-07
595	3.50744e-07
596	3.4693e-07
597	3.41602e-07
598	3.38819e-07
599	3.35142e-07
600	3.31057e-07
601	3.2783e-07
602	3.24291e-07
603	3.18855e-07
604	3.16002e-07
605	3.12475e-07
606	3.07925e-07
607	3.0536e-07
608	3.02244e-07
609	2.96386e-07
610	2.93477e-07
611	2.90332e-07
612	9.89023e-07
613	9.80363e-07
614	9.69058e-07
615	9.50303e-07
616	9.40401e-07
617	9.28009e-07
618	9.11579e-07
619	9.0281e-07
620	8.92433e-07
621	8.74202e-07
622	8.65729e-07
623	8.53763e-07
624	8.39118e-07
625	8.32275e-07
626	8.22826e-07
627	8.0413e-07
628	7.96804e-07
629	7.86703e-07
630	7.72034e-07
631	7.65696e-07
632	7.57214e-07
633	7.41657e-07
634	7.35637e-07
635	7.26209e-07
636	7.13131e-07
637	7.08348e-07
638	7.01142e-07
639	6.87216e-07
640	6.82921e-07
641	6.75099e-07
642	6.6346e-07
643	6.601e-07
644	6.5432e-07
645	6.41626e-07
646	6.38399e-07
647	6.31575e-07
648	6.20868e-07
649	6.18283e-07
650	6.13255e-07
651	6.01278e-07
652	5.98728e-07
653	5.92541e-07
654	5.82412e-07
655	5.8044e-07
656	5.7593e-07
657	5.64396e-07
658	5.62258e-07
659	5.56425e-07
660	5.4671e-07
661	5.45114e-07
662	5.4087e-07
663	5.29663e-07
664	5.27813e-07
665	5.22286e-07
666	5.12851e-07
667	5.11489e-07
668	5.0746e-07
669	4.96469e-07
670	4.94831e-07
671	4.89541e-07
672	4.80406e-07
673	4.79251e-07
674	4.7536e-07
675	4.64612e-07
676	4.63172e-07
677	4.59864e-07
678	4.54397e-07
679	4.56578e-07
680	4.53923e-07
681	4.44082e-07
682	4.45346e-07
683	4.42817e-07
684	4.36026e-07
685	4.36985e-07
686	4.35108e-07
687	4.2604e-07
688	4.26133e-07
689	4.22407e-07
690	4.14578e-07
691	4.13811e-07
692	4.11074e-07
693	4.01237e-07
694	3.99834e-07
695	3.95611e-07
696	3.87179e-07
697	3.86015e-07
698	3.8277e-07
699	3.72668e-07
700	3.70946e-07
701	3.664e-07
702	3.5765e-07
703	3.56399e-07
704	3.52929e-07
705	3.42668e-07
706	3.4092e-07
707	3.36291e-07
708	3.27454e-07
709	3.26338e-07
710	3.22914e-07
711	3.12203e-07
712	3.10799e-07
713	3.06045e-07
714	2.97534e-07
715	2.96704e-07
716	2.93425e-07
717	2.83143e-07
718	2.82154e-07
719	9.84484e-07
720	9.54891e-07
721	9.50552e-07
722	9.33628e-07
723	9.03406e-07
724	9.02618e-07
725	8.87323e-07
726	8.6319e-07
727	8.54816e-07
728	8.36997e-07
729	8.27081e-07
730	8.15745e-07
