1	11
2	11
3	11
4	9
5	9
6	9
7	9
8	9
9	9
10	9
11	8
12	8
13	8
14	8
15	8
16	8
17	8
18	8
19	8
20	8
21	8
22	8
23	8
24	8
25	8
26	8
27	8
28	8
29	8
30	8
31	8
32	8
33	8
34	8
35	8
36	8
37	8
38	8
39	8
40	8
41	8
42	8
43	8
44	8
45	8
46	8
47	8
48	8
49	8
50	8
51	8
52	8
53	8
54	8
55	8
56	8
57	8
58	8
59	8
60	8
61	8
62	7
63	7
64	7
65	7
66	7
67	7
68	7
69	7
70	7
71	7
72	7
73	7
74	7
75	7
76	7
77	7
78	7
79	7
80	7
81	7
82	7
83	7
84	7
85	7
86	7
87	7
88	7
89	7
90	7
91	7
92	7
93	7
94	7
95	7
96	7
97	7
98	7
99	7
100	7
101	7
102	7
103	7
104	7
105	7
106	7
107	7
108	7
109	7
110	7
111	7
112	7
113	7
114	7
115	7
116	7
117	7
118	7
119	7
120	7
121	7
122	7
123	7
124	7
125	7
126	7
127	7
128	7
129	7
130	7
131	7
132	7
133	7
134	7
135	7
136	7
137	7
138	7
139	7
140	7
141	7
142	7
143	7
144	7
145	7
146	7
147	7
148	7
149	7
150	7
151	7
152	7
153	7
154	7
155	7
156	7
157	7
158	7
159	7
160	7
161	7
162	7
163	7
164	7
165	7
166	7
167	7
168	7
169	7
170	7
171	7
172	7
173	7
174	7
175	7
176	7
177	7
178	7
179	7
180	7
181	7
182	7
183	7
184	7
185	7
186	7
187	7
188	7
189	7
190	7
191	7
192	7
193	7
194	7
195	7
196	7
197	7
198	7
199	7
200	7
201	7
202	7
203	7
204	7
205	7
206	7
207	7
208	7
209	7
210	7
211	7
212	7
213	7
214	7
215	7
216	7
217	7
218	7
219	7
220	7
221	7
222	7
223	7
224	7
225	7
226	7
227	7
228	7
229	7
230	7
231	7
232	7
233	7
234	7
235	7
236	7
237	7
238	7
239	7
240	7
241	7
242	7
243	7
244	7
245	7
246	7
247	7
248	7
249	7
250	7
251	7
252	7
253	7
254	7
255	7
256	7
257	7
258	7
259	7
260	7
261	7
262	7
263	7
264	7
265	7
266	7
267	7
268	7
269	7
270	6
271	6
272	6
273	6
274	6
275	6
276	6
277	6
278	6
279	6
280	6
281	6
282	6
283	6
284	6
285	6
286	6
287	6
288	6
289	6
290	6
291	6
292	6
293	6
294	6
295	6
296	6
297	6
298	6
299	6
300	6
301	6
302	6
303	6
304	6
305	6
306	6
307	6
308	6
309	6
310	6
311	6
312	6
313	6
314	6
315	6
316	6
317	6
318	6
319	6
320	6
321	6
322	6
323	6
324	6
325	6
326	6
327	6
328	6
329	6
330	6
331	6
332	6
333	6
334	6
335	6
336	6
337	6
338	6
339	6
340	6
341	6
342	6
343	6
344	6
345	6
346	6
347	6
348	6
349	6
350	6
351	6
352	6
353	6
354	6
355	6
356	6
357	6
358	6
359	6
360	6
361	6
362	6
363	6
364	6
365	6
366	6
367	6
368	6
369	6
370	6
371	6
372	6
373	6
374	6
375	6
376	6
377	6
378	6
379	6
380	6
381	6
382	6
383	6
384	6
385	5
386	5
387	5
388	5
389	5
390	5
391	5
392	5
393	5
394	5
395	5
396	5
397	5
398	5
399	5
400	5
401	5
402	5
403	5
404	5
405	5
406	5
407	5
408	5
409	5
410	5
411	5
412	5
413	5
414	5
415	5
416	5
417	5
418	5
419	5
420	5
421	5
422	5
423	5
424	5
425	5
426	5
427	5
428	5
429	5
430	5
431	5
432	5
433	5
434	5
435	5
436	5
437	5
438	5
439	5
440	4
441	4
442	4
443	4
444	4
445	4
446	4
447	4
448	4
449	4
450	4
451	4
452	4
453	4
454	4
455	4
456	4
457	4
458	4
459	4
460	4
461	4
462	4
463	4
464	4
465	4
466	4
467	4
468	4
469	4
470	4
471	4
472	4
473	4
474	4
475	4
476	4
477	4
478	4
479	4
480	4
481	4
482	4
483	4
484	4
485	4
486	4
487	4
488	4
489	4
490	4
491	4
492	4
493	4
494	4
495	4
496	4
497	4
498	4
499	4
500	4
501	4
502	4
503	4
504	4
505	4
506	4
507	4
508	4
509	3
510	3
511	3
512	3
513	3
514	3
515	3
516	3
517	3
518	3
519	3
520	3
521	3
522	3
523	3
524	3
525	3
526	3
527	3
528	3
529	3
530	3
531	3
532	3
533	3
534	3
535	3
536	3
537	3
538	3
539	3
540	3
541	3
542	3
543	3
544	3
545	3
546	3
547	3
548	3
549	3
550	3
551	3
552	3
553	3
554	3
555	3
556	3
557	3
558	3
559	3
560	3
561	3
562	3
563	3
564	3
565	3
566	3
567	3
568	3
569	3
570	3
571	3
572	3
573	3
574	3
575	3
576	3
577	3
578	3
579	3
580	3
581	3
582	3
583	3
584	3
585	3
586	3
587	3
588	3
589	3
590	3
591	3
592	3
593	3
594	3
595	3
596	3
597	3
598	3
599	3
600	3
601	3
602	3
603	3
604	3
605	3
606	3
607	3
608	3
609	3
610	3
611	3
612	2
613	2
614	2
615	2
616	2
617	2
618	2
619	2
620	2
621	2
622	2
623	2
624	2
625	2
626	2
627	2
628	2
629	2
630	2
631	2
632	2
633	2
634	2
635	2
636	2
637	2
638	2
639	2
640	2
641	2
642	2
643	2
644	2
645	2
646	2
647	2
648	2
649	2
650	2
651	2
652	2
653	2
654	2
655	2
656	2
657	2
658	2
659	2
660	2
661	2
662	2
663	2
664	2
665	2
666	2
667	2
668	2
669	2
670	2
671	2
672	2
673	2
674	2
675	2
676	2
677	2
678	2
679	2
680	2
681	2
682	2
683	2
684	2
685	2
686	2
687	2
688	2
689	2
690	2
691	2
692	2
693	2
694	2
695	2
696	2
697	2
698	2
699	2
700	2
701	2
702	2
703	2
704	2
705	2
706	2
707	2
708	2
709	2
710	2
711	2
712	2
713	2
714	2
715	2
716	2
717	2
718	2
719	1
720	1
721	1
722	1
723	1
724	1
725	1
726	1
727	1
728	1
729	1
730	1
