1	8.84383e-07
2	7.25786e-07
3	6.13462e-07
4	9.53673e-07
5	5.52179e-07
6	7.83211e-07
7	9.90544e-07
8	7.18932e-07
9	9.35132e-07
10	5.58041e-07
11	7.21834e-07
12	8.55185e-07
13	8.70079e-07
14	6.43039e-07
15	9.66955e-07
16	7.79078e-07
17	9.52642e-07
18	9.95311e-07
19	5.49389e-07
20	7.99384e-07
21	7.29749e-07
22	6.25655e-07
23	4.11509e-07
24	9.99231e-07
25	8.12549e-07
26	7.38571e-07
27	7.45593e-07
28	9.10961e-07
29	6.32441e-07
30	3.79675e-07
31	6.66424e-07
32	7.46311e-07
33	5.01696e-07
34	5.10525e-07
35	8.72175e-07
36	5.09626e-07
37	9.67961e-07
38	5.92197e-07
39	9.88639e-07
40	5.49648e-07
41	5.71962e-07
42	5.93671e-07
43	6.20117e-07
44	7.47487e-07
45	9.84944e-07
46	5.05383e-07
47	9.03018e-07
48	9.4362e-07
49	4.0447e-07
50	4.88481e-07
51	5.16718e-07
52	2.9506e-07
53	9.30359e-07
54	5.06641e-07
55	5.09298e-07
56	3.62201e-07
57	5.28335e-07
58	6.11657e-07
59	3.83303e-07
60	4.72601e-07
61	5.31908e-07
62	5.80442e-07
63	6.16119e-07
64	4.64091e-07
65	5.90054e-07
66	4.37876e-07
67	5.77484e-07
68	5.19219e-07
69	4.92457e-07
70	6.06377e-07
71	4.71641e-07
72	5.65242e-07
73	3.65697e-07
74	5.8022e-07
75	4.8783e-07
76	5.77098e-07
77	5.5349e-07
78	5.86137e-07
79	7.05873e-07
80	8.44565e-07
81	5.70122e-07
82	9.34027e-07
83	5.91545e-07
84	7.68739e-07
85	4.13207e-07
86	5.96893e-07
87	9.01747e-07
88	5.64301e-07
89	8.85185e-07
90	4.45623e-07
91	4.75548e-07
92	9.41904e-07
93	5.24308e-07
94	4.93704e-07
95	3.92226e-07
96	5.24264e-07
97	9.9175e-07
98	8.92665e-07
99	9.17102e-07
100	6.38036e-07
101	9.83828e-07
102	9.89716e-07
103	4.03723e-07
104	3.70058e-07
105	6.21711e-07
106	8.4622e-07
107	6.78228e-07
108	7.91096e-07
109	5.94922e-07
110	6.13862e-07
111	6.70661e-07
112	6.61209e-07
113	7.82606e-07
114	4.28927e-07
115	5.96336e-07
116	9.56913e-07
117	7.46868e-07
118	8.61691e-07
119	5.70142e-07
120	4.01592e-07
121	7.97205e-07
122	9.50463e-07
123	7.38556e-07
124	4.44602e-07
125	3.77267e-07
126	6.28412e-07
127	5.238e-07
128	7.19263e-07
129	6.52214e-07
130	7.34478e-07
131	3.5581e-07
132	9.69079e-07
133	6.98292e-07
134	4.64925e-07
135	5.85035e-07
136	5.48634e-07
137	7.01928e-07
138	3.4332e-07
139	9.66854e-07
140	5.7487e-07
141	3.87965e-07
142	4.97828e-07
143	5.56534e-07
144	9.4236e-07
145	8.35235e-07
146	8.59642e-07
147	5.87619e-07
148	4.37169e-07
149	3.50667e-07
150	4.19698e-07
151	4.00838e-07
152	4.51036e-07
153	6.37187e-07
154	5.61613e-07
155	4.2808e-07
156	9.23046e-07
157	9.46844e-07
158	4.45437e-07
159	7.41785e-07
160	4.23028e-07
161	9.19705e-07
162	5.6375e-07
163	7.76005e-07
164	6.38415e-07
165	6.70469e-07
166	5.43057e-07
167	6.25188e-07
168	7.18559e-07
169	9.51981e-07
170	9.07369e-07
171	8.0098e-07
172	7.02033e-07
173	6.6103e-07
174	6.61093e-07
175	6.5078e-07
176	6.21667e-07
177	5.42208e-07
178	4.31953e-07
179	9.17316e-07
180	6.12524e-07
181	5.79868e-07
182	5.53996e-07
183	5.46953e-07
184	5.08787e-07
185	4.77582e-07
186	4.55889e-07
187	4.36566e-07
188	4.47715e-07
189	4.86977e-07
190	6.82236e-07
191	9.05924e-07
192	8.17049e-07
193	9.86397e-07
194	7.80832e-07
195	9.20011e-07
196	9.1635e-07
197	5.22949e-07
198	3.87989e-07
199	3.63306e-07
200	3.56657e-07
201	2.85031e-07
202	8.51329e-07
203	9.28757e-07
204	3.49438e-07
205	4.03442e-07
206	4.45502e-07
207	4.48435e-07
208	4.46545e-07
209	4.62706e-07
210	4.63507e-07
211	4.52864e-07
212	4.53077e-07
213	4.49289e-07
214	4.31536e-07
215	4.25089e-07
216	4.1638e-07
217	4.04982e-07
218	4.00674e-07
219	4.06866e-07
220	4.16277e-07
221	4.0901e-07
222	4.03869e-07
223	4.01405e-07
224	4.17797e-07
225	4.52772e-07
226	4.66596e-07
227	4.61843e-07
228	4.62644e-07
229	4.68345e-07
230	4.85022e-07
231	5.04342e-07
232	5.82638e-07
233	6.63769e-07
234	9.79678e-07
235	7.06512e-07
236	7.42606e-07
237	8.03584e-07
238	9.07082e-07
239	4.60329e-07
240	4.33821e-07
241	5.65979e-07
242	6.36395e-07
243	6.11803e-07
244	5.34858e-07
245	4.25976e-07
246	3.63898e-07
247	9.27311e-07
248	8.86653e-07
249	8.5331e-07
250	7.62308e-07
251	6.98403e-07
252	6.55879e-07
253	6.35026e-07
254	6.35907e-07
255	6.10207e-07
256	5.76471e-07
257	5.60997e-07
258	5.35735e-07
259	5.14908e-07
260	5.17085e-07
261	5.2238e-07
262	5.03572e-07
263	5.20957e-07
264	5.70019e-07
265	5.85707e-07
266	5.66978e-07
267	5.33036e-07
268	4.69106e-07
269	4.63956e-07
270	8.5698e-07
271	6.04631e-07
272	6.97968e-07
273	7.28232e-07
274	7.36983e-07
275	7.02685e-07
276	6.46535e-07
277	6.03323e-07
278	5.59299e-07
279	5.39426e-07
280	5.04663e-07
281	5.08321e-07
282	4.91893e-07
283	4.62683e-07
284	4.49543e-07
285	4.45857e-07
286	4.38012e-07
287	4.27905e-07
288	4.29463e-07
289	4.21508e-07
290	4.19994e-07
291	4.21317e-07
292	4.15933e-07
293	4.2192e-07
294	4.2436e-07
295	4.0506e-07
296	4.15266e-07
297	4.05212e-07
298	3.71592e-07
299	3.73995e-07
300	9.79554e-07
301	9.13833e-07
302	3.70644e-07
303	3.54908e-07
304	8.60017e-07
305	8.98165e-07
306	7.79774e-07
307	7.12386e-07
308	8.82373e-07
309	8.56048e-07
310	7.14535e-07
311	8.22804e-07
312	8.31312e-07
313	6.97994e-07
314	7.51381e-07
315	7.37231e-07
316	7.14263e-07
317	6.68979e-07
318	6.50594e-07
319	6.35614e-07
320	5.72109e-07
321	5.41642e-07
322	5.83303e-07
323	5.08868e-07
324	8.45493e-07
325	4.84099e-07
326	5.51105e-07
327	4.97025e-07
328	4.22622e-07
329	4.96495e-07
330	4.29724e-07
331	5.58336e-07
332	3.62072e-07
333	4.85739e-07
334	3.24826e-07
335	9.12537e-07
336	4.72911e-07
337	6.50328e-07
338	6.44949e-07
339	5.77595e-07
340	4.71728e-07
341	7.69877e-07
342	7.77788e-07
343	7.73817e-07
344	7.80011e-07
345	9.3529e-07
346	7.12354e-07
347	7.65775e-07
348	6.87842e-07
349	6.03438e-07
350	8.13465e-07
351	7.38344e-07
352	7.33648e-07
353	8.76556e-07
354	6.64303e-07
355	9.97286e-07
356	7.05999e-07
357	5.55873e-07
358	8.62131e-07
359	9.64928e-07
360	9.12327e-07
361	6.18322e-07
362	5.89299e-07
363	8.362e-07
364	7.97988e-07
365	5.30057e-07
366	7.56349e-07
367	4.82109e-07
368	9.75971e-07
369	7.8274e-07
370	8.6321e-07
371	6.60015e-07
372	8.6277e-07
373	4.88898e-07
374	8.5991e-07
375	9.25608e-07
376	5.64173e-07
377	9.4192e-07
378	8.21919e-07
379	9.18305e-07
380	9.94729e-07
381	6.4096e-07
382	4.50099e-07
383	6.15412e-07
384	6.38846e-07
385	8.01401e-07
386	6.34631e-07
387	5.49242e-07
388	8.21305e-07
389	7.73462e-07
390	4.90529e-07
391	9.55085e-07
392	9.72295e-07
393	5.49354e-07
394	6.01742e-07
395	5.27176e-07
396	6.73882e-07
397	7.09744e-07
398	8.69033e-07
399	7.73807e-07
400	9.49234e-07
401	8.39577e-07
402	6.38172e-07
403	6.72531e-07
404	5.08752e-07
405	9.31457e-07
406	7.28619e-07
407	3.97811e-07
408	8.16111e-07
409	8.02309e-07
410	9.43129e-07
411	7.12611e-07
412	7.41537e-07
413	9.3697e-07
414	4.07676e-07
415	6.14702e-07
416	8.28979e-07
417	8.44477e-07
418	7.7836e-07
419	9.76596e-07
420	4.6265e-07
421	4.55431e-07
422	3.62621e-07
423	4.06525e-07
424	6.31168e-07
425	5.85393e-07
426	6.52288e-07
427	4.05148e-07
428	3.91094e-07
429	4.38594e-07
430	7.72849e-07
431	4.10653e-07
432	4.3212e-07
433	5.39368e-07
434	5.83391e-07
435	5.56304e-07
436	8.23932e-07
437	7.80836e-07
438	8.96546e-07
439	4.25055e-07
440	7.74705e-07
441	5.08645e-07
442	5.99806e-07
443	4.8272e-07
444	4.70441e-07
445	8.21165e-07
446	5.18535e-07
447	5.07713e-07
448	6.9158e-07
449	9.48947e-07
450	4.95379e-07
451	4.47516e-07
452	5.3533e-07
453	4.46972e-07
454	4.77236e-07
455	6.92283e-07
456	4.61881e-07
457	8.90482e-07
458	9.74925e-07
459	4.28063e-07
460	4.49097e-07
461	6.77657e-07
462	3.66806e-07
463	4.54422e-07
464	6.9412e-07
465	8.18289e-07
466	5.43144e-07
467	6.04795e-07
468	9.87606e-07
469	5.2239e-07
470	5.67161e-07
471	3.46993e-07
472	9.31524e-07
473	8.37623e-07
474	9.70445e-07
475	5.56268e-07
476	6.19328e-07
477	9.53278e-07
478	3.88289e-07
479	8.48082e-07
480	9.42935e-07
481	4.80396e-07
482	5.84988e-07
483	4.94069e-07
484	4.30734e-07
485	6.3796e-07
486	8.3904e-07
487	8.58656e-07
488	8.46605e-07
489	4.77312e-07
490	7.71276e-07
491	9.91135e-07
492	6.72803e-07
493	7.57127e-07
494	9.77941e-07
495	7.13407e-07
496	3.69626e-07
497	4.2528e-07
498	3.97284e-07
499	9.12352e-07
500	4.38354e-07
501	3.79315e-07
502	4.77948e-07
503	5.33862e-07
504	5.70452e-07
505	4.37658e-07
506	4.38308e-07
507	5.96108e-07
508	3.22626e-07
509	9.83468e-07
510	4.47847e-07
511	3.30202e-07
512	4.41424e-07
513	8.03753e-07
514	6.889e-07
515	5.26504e-07
516	6.65337e-07
517	8.28883e-07
518	5.37921e-07
519	5.93746e-07
520	8.47068e-07
521	4.76155e-07
522	5.19534e-07
523	6.64552e-07
524	4.45903e-07
525	4.58014e-07
526	4.11986e-07
527	7.11447e-07
528	5.60223e-07
529	3.97422e-07
530	6.99222e-07
531	4.66276e-07
532	9.85277e-07
533	6.51799e-07
534	3.91687e-07
535	7.48022e-07
536	4.29072e-07
537	8.60624e-07
538	4.46882e-07
539	7.3348e-07
540	8.71479e-07
541	6.76917e-07
542	7.66064e-07
543	5.44412e-07
544	9.35361e-07
545	5.52651e-07
546	9.35821e-07
547	8.49476e-07
548	9.84462e-07
549	4.25549e-07
550	5.87861e-07
551	5.73813e-07
552	4.10812e-07
553	9.89197e-07
554	9.06611e-07
555	7.17604e-07
556	7.25605e-07
557	9.70833e-07
558	7.80133e-07
559	5.17471e-07
560	9.28176e-07
561	4.88749e-07
562	4.49273e-07
563	7.50986e-07
564	5.27261e-07
565	4.91355e-07
566	5.53512e-07
567	9.65995e-07
568	5.33739e-07
569	9.4488e-07
570	6.94853e-07
571	4.64983e-07
572	8.26011e-07
573	7.99178e-07
574	8.53584e-07
575	6.18311e-07
576	8.03371e-07
577	7.6695e-07
578	4.54701e-07
579	8.9171e-07
580	6.61349e-07
581	8.85751e-07
582	9.0049e-07
583	9.10612e-07
584	9.48192e-07
585	8.6898e-07
586	9.33193e-07
587	6.15798e-07
588	8.31883e-07
589	6.07468e-07
590	4.50271e-07
591	8.64013e-07
592	5.54718e-07
593	4.67782e-07
594	7.36812e-07
595	8.63247e-07
596	4.75392e-07
597	7.49685e-07
598	7.80536e-07
599	4.83688e-07
600	5.96044e-07
601	7.98097e-07
602	4.75868e-07
603	7.17079e-07
604	6.34064e-07
605	4.79869e-07
606	8.24824e-07
607	9.6152e-07
608	4.78775e-07
609	4.70171e-07
610	5.72951e-07
611	5.44345e-07
612	7.67976e-07
613	4.81194e-07
614	9.8907e-07
615	7.44714e-07
616	4.43737e-07
617	4.42724e-07
618	6.91311e-07
619	8.32533e-07
620	9.88462e-07
621	7.43025e-07
622	4.82752e-07
623	8.97161e-07
624	4.91996e-07
625	5.29672e-07
626	8.2775e-07
627	7.14784e-07
628	5.35586e-07
629	9.95667e-07
630	5.23061e-07
631	9.59422e-07
632	7.76365e-07
633	5.77118e-07
634	6.66581e-07
635	8.41901e-07
636	5.36205e-07
637	7.30966e-07
638	7.97887e-07
639	6.47959e-07
640	6.43879e-07
641	8.4834e-07
642	5.29671e-07
643	7.46066e-07
644	7.86565e-07
645	6.41592e-07
646	6.453e-07
647	8.45499e-07
648	5.37728e-07
649	7.50053e-07
650	7.88032e-07
651	6.45687e-07
652	6.48929e-07
653	8.49055e-07
654	5.35279e-07
655	7.50087e-07
656	7.88929e-07
657	6.42408e-07
658	6.46251e-07
659	8.43832e-07
660	5.33489e-07
661	7.52246e-07
662	7.85826e-07
663	6.41584e-07
664	6.61343e-07
665	8.36761e-07
666	5.35263e-07
667	7.81288e-07
668	7.82664e-07
669	6.55884e-07
670	6.38538e-07
671	8.34674e-07
672	5.47682e-07
673	7.77268e-07
674	7.82937e-07
675	6.57367e-07
676	6.23559e-07
677	8.32458e-07
678	5.56489e-07
679	7.59293e-07
680	7.77951e-07
681	6.64365e-07
682	6.0972e-07
683	8.33619e-07
684	5.55879e-07
685	7.52147e-07
686	7.79407e-07
687	6.55272e-07
688	6.09545e-07
689	8.26585e-07
690	5.51073e-07
691	8.67681e-07
692	8.11579e-07
693	6.59391e-07
694	6.56344e-07
695	9.14944e-07
696	5.15749e-07
697	9.67733e-07
698	7.41499e-07
699	6.56103e-07
700	5.78915e-07
701	9.12256e-07
702	5.3206e-07
703	9.55443e-07
704	7.48032e-07
705	6.49552e-07
706	5.7648e-07
707	9.0573e-07
708	5.28048e-07
709	9.46889e-07
710	7.4185e-07
711	4.74795e-07
712	7.34294e-07
713	8.2237e-07
714	4.86309e-07
715	8.1795e-07
716	7.6455e-07
717	4.98229e-07
718	7.74879e-07
719	8.1933e-07
720	7.07693e-07
721	9.69765e-07
722	8.28349e-07
723	6.3776e-07
724	7.51199e-07
725	6.21743e-07
726	6.48993e-07
727	5.83857e-07
728	8.56285e-07
729	6.75679e-07
730	5.67782e-07
