1	29
2	26
3	30
4	29
5	32
6	28
7	20
8	26
9	21
10	30
11	21
12	24
13	21
14	20
15	20
16	25
17	24
18	25
19	20
20	24
21	19
22	21
23	22
24	20
25	20
26	21
27	19
28	16
29	19
30	19
31	18
32	22
33	18
34	17
35	17
36	18
37	17
38	18
39	16
40	18
41	16
42	17
43	17
44	17
45	16
46	19
47	16
48	18
49	18
50	16
51	17
52	17
53	18
54	16
55	17
56	17
57	17
58	17
59	17
60	18
61	17
62	18
63	17
64	18
65	18
66	18
67	19
68	17
69	19
70	18
71	19
72	17
73	19
74	19
75	17
76	19
77	18
78	19
79	18
80	17
81	19
82	17
83	19
84	18
85	19
86	19
87	17
88	19
89	17
90	19
91	19
92	17
93	19
94	18
95	19
96	19
97	16
98	17
99	17
100	17
101	17
102	16
103	19
104	19
105	15
106	17
107	17
108	16
109	16
110	17
111	14
112	15
113	15
114	15
115	15
116	15
117	15
118	13
119	14
120	15
121	14
122	13
123	14
124	15
125	15
126	13
127	16
128	14
129	14
130	13
131	15
132	13
133	13
134	14
135	14
136	14
137	13
138	15
139	13
140	13
141	14
142	14
143	14
144	12
145	13
146	13
147	13
148	13
149	14
150	14
151	14
152	13
153	13
154	13
155	13
156	12
157	12
158	14
159	12
160	13
161	14
162	16
163	14
164	15
165	15
166	15
167	13
168	14
169	14
170	14
171	14
172	14
173	14
174	14
175	14
176	14
177	14
178	14
179	12
180	13
181	13
182	13
183	13
184	13
185	13
186	13
187	13
188	13
189	13
190	13
191	12
192	12
193	13
194	13
195	13
196	13
197	13
198	13
199	13
200	13
201	13
202	11
203	11
204	13
205	13
206	13
207	13
208	13
209	13
210	13
211	13
212	13
213	13
214	13
215	13
216	13
217	13
218	13
219	13
220	13
221	13
222	13
223	13
224	13
225	13
226	13
227	13
228	13
229	13
230	13
231	13
232	13
233	13
234	13
235	14
236	14
237	14
238	14
239	12
240	15
241	15
242	15
243	15
244	15
245	15
246	15
247	13
248	13
249	13
250	13
251	13
252	13
253	13
254	13
255	13
256	13
257	13
258	13
259	13
260	13
261	13
262	13
263	13
264	13
265	13
266	13
267	13
268	13
269	13
270	11
271	12
272	12
273	12
274	12
275	12
276	12
277	12
278	12
279	12
280	12
281	12
282	12
283	12
284	12
285	12
286	12
287	12
288	12
289	12
290	12
291	12
292	12
293	12
294	12
295	12
296	12
297	12
298	12
299	12
300	11
301	10
302	12
303	12
304	10
305	10
306	10
307	10
308	10
309	10
310	10
311	10
312	10
313	10
314	10
315	10
316	10
317	10
318	10
319	10
320	10
321	10
322	10
323	10
324	9
325	10
326	10
327	10
328	10
329	10
330	10
331	10
332	10
333	10
334	10
335	8
336	10
337	8
338	9
339	9
340	9
341	9
342	9
343	9
344	9
345	9
346	9
347	9
348	10
349	9
350	9
351	10
352	9
353	9
354	10
355	9
356	9
357	9
358	8
359	8
360	8
361	8
362	9
363	8
364	8
365	9
366	8
367	8
368	8
369	8
370	7
371	8
372	8
373	10
374	8
375	7
376	8
377	8
378	8
379	8
380	8
381	8
382	10
383	8
384	7
385	8
386	9
387	8
388	8
389	7
390	9
391	8
392	7
393	8
394	8
395	9
396	7
397	8
398	9
399	7
400	8
401	8
402	8
403	8
404	9
405	7
406	8
407	9
408	7
409	8
410	8
411	7
412	8
413	8
414	8
415	8
416	8
417	7
418	8
419	8
420	7
421	9
422	9
423	8
424	8
425	8
426	7
427	9
428	9
429	8
430	8
431	8
432	8
433	8
434	8
435	8
436	7
437	7
438	7
439	7
440	6
441	7
442	8
443	8
444	8
445	7
446	8
447	9
448	7
449	8
450	8
451	7
452	8
453	8
454	7
455	8
456	9
457	6
458	8
459	9
460	7
461	8
462	7
463	9
464	8
465	6
466	8
467	7
468	6
469	8
470	8
471	7
472	7
473	7
474	6
475	8
476	8
477	6
478	8
479	7
480	6
481	8
482	8
483	7
484	9
485	8
486	8
487	6
488	8
489	9
490	6
491	8
492	8
493	8
494	8
495	8
496	8
497	9
498	9
499	7
500	9
501	9
502	7
503	9
504	9
505	7
506	9
507	8
508	7
509	8
510	9
511	8
512	9
513	8
514	7
515	9
516	9
517	6
518	9
519	8
520	8
521	9
522	9
523	6
524	9
525	9
526	8
527	8
528	7
529	9
530	7
531	7
532	7
533	7
534	9
535	6
536	9
537	8
538	8
539	8
540	6
541	8
542	7
543	8
544	7
545	8
546	8
547	6
548	8
549	8
550	8
551	8
552	7
553	8
554	8
555	8
556	7
557	8
558	8
559	8
560	8
561	8
562	8
563	8
564	9
565	6
566	9
567	8
568	8
569	8
570	8
571	8
572	8
573	7
574	7
575	8
576	8
577	6
578	9
579	8
580	6
581	8
582	8
583	7
584	8
585	7
586	7
587	8
588	8
589	6
590	9
591	8
592	7
593	9
594	8
595	7
596	9
597	8
598	7
599	9
600	8
601	8
602	9
603	8
604	7
605	9
606	8
607	7
608	9
609	9
610	6
611	9
612	8
613	8
614	8
615	8
616	7
617	9
618	8
619	7
620	8
621	8
622	7
623	8
624	8
625	8
626	8
627	8
628	6
629	8
630	8
631	7
632	8
633	8
634	6
635	8
636	8
637	7
638	8
639	8
640	6
641	8
642	8
643	7
644	8
645	8
646	6
647	8
648	8
649	7
650	8
651	8
652	6
653	8
654	8
655	7
656	8
657	8
658	6
659	8
660	8
661	7
662	8
663	8
664	6
665	8
666	8
667	7
668	8
669	8
670	6
671	8
672	8
673	7
674	8
675	8
676	6
677	8
678	8
679	7
680	8
681	8
682	6
683	8
684	8
685	7
686	8
687	8
688	6
689	8
690	8
691	7
692	8
693	8
694	7
695	8
696	8
697	7
698	8
699	8
700	7
701	8
702	8
703	7
704	8
705	8
706	7
707	8
708	8
709	7
710	8
711	8
712	7
713	8
714	8
715	7
716	8
717	8
718	7
719	8
720	7
721	7
722	7
723	7
724	6
725	8
726	6
727	8
728	7
729	6
730	8
