1	1
2	0.549047
3	0.235358
4	0.299988
5	0.295827
6	0.168362
7	0.188826
8	0.171962
9	0.132461
10	0.086618
11	0.12686
12	0.0801512
13	0.0669232
14	0.0867637
15	0.0758444
16	0.0642993
17	0.0705539
18	0.0742992
19	0.0690069
20	0.0718884
21	0.0769759
22	0.0761359
23	0.078759
24	0.0835093
25	0.0899169
26	0.0911025
27	0.0940095
28	0.0993633
29	0.109958
30	0.112292
31	0.11303
32	0.12249
33	0.129082
34	0.130763
35	0.135939
36	0.143842
37	0.147782
38	0.149922
39	0.156316
40	0.161865
41	0.164587
42	0.168142
43	0.172425
44	0.17594
45	0.178652
46	0.181536
47	0.183472
48	0.185837
49	0.187882
50	0.18905
51	0.189831
52	0.190481
53	0.190919
54	0.190564
55	0.190264
56	0.189671
57	0.187519
58	0.186115
59	0.184474
60	0.182369
61	0.180026
62	0.175947
63	0.174199
64	0.169265
65	0.168106
66	0.163997
67	0.158472
68	0.157457
69	0.151294
70	0.153328
71	0.146713
72	0.144432
73	0.142006
74	0.138487
75	0.139466
76	0.130146
77	0.131862
78	0.124494
79	0.126243
80	0.121346
81	0.113151
82	0.114867
83	0.105458
84	0.108822
85	0.100453
86	0.0962865
87	0.0943253
88	0.0863915
89	0.0874139
90	0.0804228
91	0.0761599
92	0.073225
93	0.0659923
94	0.0660472
95	0.060195
96	0.0550217
97	0.0531195
98	0.0472395
99	0.0461686
100	0.0423411
101	0.0379871
102	0.036791
103	0.0334891
104	0.0312085
105	0.0299647
106	0.027491
107	0.0261326
108	0.0255022
109	0.0232587
110	0.0225019
111	0.0213719
112	0.0200992
113	0.0195218
114	0.0188656
115	0.0180178
116	0.0172092
117	0.016463
118	0.0158561
119	0.0154362
120	0.0153176
121	0.0150329
122	0.0145749
123	0.0142141
124	0.0138838
125	0.0135927
126	0.013576
127	0.0136262
128	0.0136
129	0.0134809
130	0.0132732
131	0.0130718
132	0.0129407
133	0.0129713
134	0.0130773
135	0.0131697
136	0.0131221
137	0.0130127
138	0.0128697
139	0.0127474
140	0.0127252
141	0.0127945
142	0.0128793
143	0.0128824
144	0.0128323
145	0.0127503
146	0.012673
147	0.0125994
148	0.0126413
149	0.0126827
150	0.0127028
151	0.0126832
152	0.012626
153	0.0125693
154	0.0125075
155	0.0125011
156	0.012526
157	0.0125843
158	0.0125712
159	0.0125285
160	0.0125148
161	0.0124964
162	0.0124774
163	0.0124873
164	0.0125258
165	0.0125497
166	0.0125604
167	0.0125733
168	0.0126263
169	0.0126351
170	0.0126342
171	0.0126569
172	0.0126986
173	0.0127114
174	0.0127481
175	0.0127974
176	0.0128292
177	0.0128606
178	0.0129416
179	0.0129845
180	0.0130023
181	0.0130386
182	0.0130902
183	0.0131257
184	0.0131712
185	0.0132277
186	0.0132719
187	0.0133115
188	0.0133554
189	0.0134025
190	0.0134396
191	0.0134712
192	0.0135052
193	0.0135422
194	0.0135664
195	0.0135789
196	0.0135983
197	0.0136192
198	0.013629
199	0.0136349
200	0.0136412
201	0.0136374
202	0.0136282
203	0.0136161
204	0.0135969
205	0.0135662
206	0.0135305
207	0.0134927
208	0.0134412
209	0.0133815
210	0.0133188
211	0.0132512
212	0.0131694
213	0.0130865
214	0.0129971
215	0.0128955
216	0.0127886
217	0.0126714
218	0.0125423
219	0.0124125
220	0.0122755
221	0.012127
222	0.0119828
223	0.0118388
224	0.0116903
225	0.0115447
226	0.0114053
227	0.0112655
228	0.0111371
229	0.0110174
230	0.0109012
231	0.0107943
232	0.0106994
233	0.0106123
234	0.0105326
235	0.0104545
236	0.0103778
237	0.010303
238	0.0102177
239	0.0101168
240	0.0100093
241	0.00987924
242	0.00972315
243	0.0095525
244	0.00936212
245	0.00915051
246	0.00892876
247	0.00869625
248	0.00845155
249	0.00820077
250	0.00794863
251	0.00768983
252	0.00743192
253	0.00717953
254	0.00692614
255	0.00667976
256	0.00644342
257	0.006214
258	0.00599687
259	0.00579476
260	0.00560456
261	0.00543057
262	0.00527474
263	0.00513304
264	0.00500692
265	0.00489738
266	0.00480079
267	0.00471203
268	0.00464052
269	0.00456892
270	0.00449937
271	0.00443106
272	0.00435829
273	0.00428279
274	0.00421279
275	0.00414176
276	0.00407501
277	0.004013
278	0.00395354
279	0.00389468
280	0.00384146
281	0.00379175
282	0.00373569
283	0.00368626
284	0.0036353
285	0.00358368
286	0.00353571
287	0.00348436
288	0.00343144
289	0.00338128
290	0.0033331
291	0.00327817
292	0.00322708
293	0.00317754
294	0.00312085
295	0.00306885
296	0.00301866
297	0.00296157
298	0.00290822
299	0.00285716
300	0.0027994
301	0.00274577
302	0.00269622
303	0.00263655
304	0.00258331
305	0.00253075
306	0.00247176
307	0.00241788
308	0.00236795
309	0.00230992
310	0.00225817
311	0.00220875
312	0.00215383
313	0.00210471
314	0.00205912
315	0.00200771
316	0.00195883
317	0.00191562
318	0.00186588
319	0.00181925
320	0.00177763
321	0.00172909
322	0.00168495
323	0.00164615
324	0.00160006
325	0.00155856
326	0.00152066
327	0.00147892
328	0.0014391
329	0.00140193
330	0.00136875
331	0.00132861
332	0.00129719
333	0.00126803
334	0.00123155
335	0.00120447
336	0.00118037
337	0.00114911
338	0.00112749
339	0.00110819
340	0.00108236
341	0.00106533
342	0.00105118
343	0.00103197
344	0.00101717
345	0.00100757
346	0.00098878
347	0.000977198
348	0.00096992
349	0.000951198
350	0.000940007
351	0.000929354
352	0.000913362
353	0.000901064
354	0.000889897
355	0.000880142
356	0.000865475
357	0.000856511
358	0.000851433
359	0.000836919
360	0.000830464
361	0.000827061
362	0.000814442
363	0.000810259
364	0.000807282
365	0.000794774
366	0.000791219
367	0.000789167
368	0.000777616
369	0.000773385
370	0.000769507
371	0.000756112
372	0.000750318
373	0.000743887
374	0.000726528
375	0.000715877
376	0.000709727
377	0.000694851
378	0.000680224
379	0.000674435
380	0.00065819
381	0.000646145
382	0.000638284
383	0.000620191
384	0.00060935
385	0.000602932
386	0.000584623
387	0.000574972
388	0.000566727
389	0.000552558
390	0.000537798
391	0.000532952
392	0.000518738
393	0.000510795
394	0.000503038
395	0.000490204
396	0.000481733
397	0.000478075
398	0.000465145
399	0.000460571
400	0.000457191
401	0.000445178
402	0.000438729
403	0.000438175
404	0.000426513
405	0.000420378
406	0.000418584
407	0.000405988
408	0.000399779
409	0.000396595
410	0.000383686
411	0.000376967
412	0.000374679
413	0.000361039
414	0.000352964
415	0.000349801
416	0.000337369
417	0.00032947
418	0.000326566
419	0.000313701
420	0.000307379
421	0.000305226
422	0.000292077
423	0.000284216
424	0.00027948
425	0.000266902
426	0.00026127
427	0.000258748
428	0.000246592
429	0.000240566
430	0.000238745
431	0.000228358
432	0.00022034
433	0.000217882
434	0.000213952
435	0.000203195
436	0.000201878
437	0.000193506
438	0.000187631
439	0.000185416
440	0.000179499
441	0.000173567
442	0.000175078
443	0.000168985
444	0.000162723
445	0.000162016
446	0.000161698
447	0.00015321
448	0.000154651
449	0.000154609
450	0.000144728
451	0.000145654
452	0.000147024
453	0.000138428
454	0.000137759
455	0.000141599
456	0.000132395
457	0.000133914
458	0.000138539
459	0.000128316
460	0.000129277
461	0.000132276
462	0.000125994
463	0.000122484
464	0.000129749
465	0.000123581
466	0.000115745
467	0.000119377
468	0.000116781
469	0.000111134
470	0.000115439
471	0.000110795
472	0.000105251
473	0.00010764
474	0.000103753
475	9.87528e-05
476	0.000103658
477	9.81457e-05
478	9.23407e-05
479	9.53167e-05
480	9.13346e-05
481	8.60323e-05
482	9.05994e-05
483	8.65991e-05
484	8.10793e-05
485	8.62107e-05
486	7.90486e-05
487	7.92716e-05
488	8.10507e-05
489	7.55205e-05
490	7.59256e-05
491	7.78201e-05
492	7.06259e-05
493	6.95098e-05
494	7.5672e-05
495	6.73476e-05
496	6.65087e-05
497	7.16815e-05
498	6.46201e-05
499	6.39144e-05
500	6.85944e-05
501	6.23123e-05
502	6.26166e-05
503	6.8336e-05
504	6.25582e-05
505	6.09076e-05
506	6.46962e-05
507	5.8149e-05
508	5.71575e-05
509	6.32031e-05
510	5.73596e-05
511	5.7683e-05
512	6.21938e-05
513	5.41545e-05
514	5.43122e-05
515	6.08781e-05
516	5.56064e-05
517	5.75492e-05
518	6.00395e-05
519	5.30394e-05
520	5.01759e-05
521	5.86524e-05
522	5.29193e-05
523	5.31479e-05
524	5.57796e-05
525	5.32394e-05
526	5.09002e-05
527	5.45882e-05
528	4.99936e-05
529	4.98986e-05
530	5.15955e-05
531	4.75852e-05
532	4.89961e-05
533	5.11646e-05
534	4.71945e-05
535	4.62831e-05
536	4.93758e-05
537	4.69015e-05
538	4.60088e-05
539	4.84972e-05
540	4.33124e-05
541	4.42639e-05
542	4.52012e-05
543	4.06958e-05
544	4.36625e-05
545	4.52886e-05
546	4.10672e-05
547	4.03045e-05
548	4.4806e-05
549	3.9917e-05
550	4.02699e-05
551	4.29947e-05
552	3.70113e-05
553	3.52486e-05
554	4.39305e-05
555	3.62177e-05
556	3.61736e-05
557	4.18853e-05
558	3.6096e-05
559	3.52056e-05
560	4.01603e-05
561	3.22357e-05
562	3.47646e-05
563	3.75437e-05
564	3.21709e-05
565	3.39604e-05
566	3.81107e-05
567	3.44727e-05
568	3.06994e-05
569	3.63103e-05
570	3.16172e-05
571	3.06457e-05
572	3.48258e-05
573	2.88553e-05
574	3.01395e-05
575	3.33391e-05
576	2.81957e-05
577	2.92844e-05
578	3.37518e-05
579	2.98351e-05
580	2.94189e-05
581	3.1726e-05
582	2.90218e-05
583	2.91478e-05
584	3.29379e-05
585	2.68039e-05
586	2.77437e-05
587	3.1223e-05
588	2.67412e-05
589	2.74376e-05
590	3.1337e-05
591	2.76948e-05
592	2.65297e-05
593	3.1811e-05
594	2.59748e-05
595	2.51079e-05
596	3.14122e-05
597	2.57617e-05
598	2.49855e-05
599	3.15358e-05
600	2.61193e-05
601	2.32015e-05
602	3.21248e-05
603	2.39679e-05
604	2.36673e-05
605	2.98927e-05
606	2.55102e-05
607	2.30593e-05
608	2.97338e-05
609	2.36568e-05
610	2.47159e-05
611	2.92748e-05
612	2.48686e-05
613	2.03326e-05
614	2.77705e-05
615	2.21637e-05
616	2.15438e-05
617	2.51034e-05
618	2.30283e-05
619	1.96018e-05
620	2.40758e-05
621	2.092e-05
622	1.9866e-05
623	2.39228e-05
624	2.01241e-05
625	1.70477e-05
626	2.44482e-05
627	1.77049e-05
628	1.91332e-05
629	2.34611e-05
630	1.96382e-05
631	1.56938e-05
632	2.32413e-05
633	1.74456e-05
634	1.68778e-05
635	2.18482e-05
636	1.88171e-05
637	1.50507e-05
638	2.20035e-05
639	1.7596e-05
640	1.6906e-05
641	2.17156e-05
642	1.90322e-05
643	1.51745e-05
644	2.22227e-05
645	1.78716e-05
646	1.71125e-05
647	2.19018e-05
648	1.93181e-05
649	1.52694e-05
650	2.222e-05
651	1.79699e-05
652	1.70339e-05
653	2.17324e-05
654	1.91481e-05
655	1.49896e-05
656	2.18924e-05
657	1.7621e-05
658	1.66518e-05
659	2.12699e-05
660	1.8663e-05
661	1.44572e-05
662	2.13747e-05
663	1.70376e-05
664	1.60885e-05
665	2.10152e-05
666	1.80855e-05
667	1.36566e-05
668	2.08821e-05
669	1.64624e-05
670	1.56154e-05
671	2.04324e-05
672	1.73692e-05
673	1.31586e-05
674	2.04266e-05
675	1.58893e-05
676	1.51507e-05
677	2.00122e-05
678	1.69473e-05
679	1.28612e-05
680	1.99832e-05
681	1.5301e-05
682	1.47921e-05
683	1.96952e-05
684	1.65779e-05
685	1.25157e-05
686	1.96902e-05
687	1.4983e-05
688	1.44366e-05
689	1.93278e-05
690	1.62406e-05
691	1.2151e-05
692	1.80093e-05
693	1.47809e-05
694	1.45734e-05
695	1.80033e-05
696	1.5668e-05
697	1.23457e-05
698	1.73236e-05
699	1.35361e-05
700	1.40013e-05
701	1.74791e-05
702	1.49143e-05
703	1.13649e-05
704	1.67193e-05
705	1.2882e-05
706	1.3031e-05
707	1.6728e-05
708	1.42284e-05
709	1.04755e-05
710	1.59198e-05
711	1.21368e-05
712	1.06055e-05
713	1.57035e-05
714	1.3421e-05
715	9.37953e-06
716	1.47392e-05
717	1.15503e-05
718	1.0035e-05
719	1.49968e-05
720	1.27644e-05
721	7.88025e-06
722	1.39348e-05
723	9.18743e-06
724	9.136e-06
725	1.29803e-05
726	1.07758e-05
727	7.57508e-06
728	1.33595e-05
729	1.05032e-05
730	6.297e-06
