1	0
2	0
3	0
4	0
5	0
6	0
7	0
8	0
9	0
10	0
11	0
12	0
13	1
14	1
15	1
16	1
17	1
18	1
19	1
20	1
21	1
22	1
23	1
24	1
25	1
26	1
27	1
28	1
29	1
30	1
31	1
32	1
33	1
34	1
35	1
36	1
37	1
38	2
39	2
40	2
41	2
42	2
43	2
44	2
45	2
46	2
47	2
48	2
49	2
50	2
51	2
52	2
53	2
54	2
55	2
56	2
57	2
58	2
59	2
60	2
61	2
62	2
63	2
64	2
65	3
66	3
67	3
68	3
69	3
70	3
71	3
72	3
73	3
74	3
75	3
76	3
77	3
78	3
79	3
80	3
81	3
82	3
83	3
84	3
85	3
86	3
87	3
88	3
89	3
90	3
91	4
92	4
93	4
94	4
95	4
96	4
97	4
98	4
99	4
100	4
101	4
102	4
103	4
104	4
105	4
106	4
107	4
108	4
109	4
110	4
111	4
112	4
113	4
114	4
115	4
116	4
117	4
118	5
119	5
120	5
121	5
122	5
123	5
124	5
125	5
126	5
127	5
128	5
129	5
130	5
131	5
132	5
133	5
134	5
135	5
136	5
137	5
138	5
139	5
140	5
141	5
142	5
143	5
144	5
145	5
146	5
147	5
148	6
149	6
150	6
151	6
152	6
153	6
154	6
155	6
156	6
157	6
158	6
159	6
160	6
161	6
162	6
163	6
164	6
165	6
166	6
167	6
168	6
169	6
170	6
171	6
172	6
173	6
174	6
175	6
176	6
177	7
178	7
179	7
180	7
181	7
182	7
183	7
184	7
185	7
186	7
187	7
188	7
189	7
190	7
191	7
192	7
193	7
194	7
195	7
196	7
197	7
198	7
199	7
200	7
201	7
202	7
203	7
204	8
205	8
206	8
207	8
208	8
209	8
210	8
211	8
212	8
213	8
214	8
215	8
216	8
217	8
218	8
219	8
220	8
221	8
222	8
223	8
224	8
225	8
226	8
227	8
228	8
229	8
230	8
231	8
232	8
233	8
234	8
235	9
236	9
237	9
238	9
239	9
240	9
241	9
242	9
243	9
244	9
245	9
246	9
247	9
248	9
249	9
250	9
251	9
252	9
253	9
254	9
255	9
256	9
257	9
258	9
259	9
260	9
261	9
262	9
263	9
264	9
265	10
266	10
267	10
268	10
269	10
270	10
271	10
272	10
273	10
274	10
275	10
276	10
277	10
278	10
279	10
280	10
281	10
282	10
283	10
284	10
285	10
286	10
287	10
288	10
289	10
290	10
291	10
292	10
293	10
294	10
295	10
296	10
297	11
298	11
299	11
300	11
301	11
302	11
303	11
304	11
305	11
306	11
307	11
308	11
309	11
310	11
311	11
312	11
313	11
314	11
315	11
316	11
317	11
318	11
319	11
320	11
321	11
322	11
323	11
324	11
325	11
326	11
327	11
328	11
329	11
330	11
331	12
332	12
333	12
334	12
335	12
336	12
337	12
338	12
339	12
340	12
341	12
342	12
343	12
344	12
345	12
346	12
347	12
348	12
349	12
350	12
351	12
352	12
353	12
354	12
355	12
356	12
357	12
358	12
359	12
360	12
361	12
362	12
363	12
364	12
365	12
366	12
367	12
368	13
369	13
370	13
371	13
372	13
373	13
374	13
375	13
376	13
377	13
378	13
379	13
380	13
381	13
382	13
383	13
384	13
385	13
386	13
387	13
388	13
389	13
390	13
391	13
392	13
393	13
394	13
395	13
396	13
397	13
398	13
399	13
400	13
401	13
402	13
403	14
404	14
405	14
406	14
407	14
408	14
409	14
410	14
411	14
412	14
413	14
414	14
415	14
416	14
417	14
418	14
419	14
420	14
421	14
422	14
423	14
424	14
425	14
426	14
427	14
428	14
429	14
430	14
431	14
432	14
433	14
434	14
435	14
436	14
437	14
438	14
439	14
440	14
441	14
442	14
443	15
444	15
445	15
446	15
447	15
448	15
449	15
450	15
451	15
452	15
453	15
454	15
455	15
456	15
457	15
458	15
459	15
460	15
461	15
462	15
463	15
464	15
465	15
466	15
467	15
468	15
469	15
470	15
471	15
472	15
473	15
474	15
475	15
476	15
477	15
478	15
479	15
480	15
481	15
482	15
483	15
484	15
485	16
486	16
487	16
488	16
489	16
490	16
491	16
492	16
493	16
494	16
495	16
496	16
497	16
498	16
499	16
500	16
501	16
502	16
503	16
504	16
505	16
506	16
507	16
508	16
509	16
510	16
511	16
512	16
513	16
514	16
515	16
516	16
517	16
518	16
519	16
520	16
521	16
522	16
523	16
524	16
525	16
526	16
527	17
528	17
529	17
530	17
531	17
532	17
533	17
534	17
535	17
536	17
537	17
538	17
539	17
540	17
541	17
542	17
543	17
544	17
545	17
546	17
547	17
548	17
549	17
550	17
551	17
552	17
553	17
554	17
555	17
556	17
557	17
558	17
559	17
560	17
561	17
562	17
563	17
564	17
565	17
566	17
567	17
568	17
569	17
570	17
571	17
572	18
573	18
574	18
575	18
576	18
577	18
578	18
579	18
580	18
581	18
582	18
583	18
584	18
585	18
586	18
587	18
588	18
589	18
590	18
591	18
592	18
593	18
594	18
595	18
596	18
597	18
598	18
599	18
600	18
601	18
602	18
603	18
604	18
605	18
606	18
607	18
608	18
609	18
610	18
611	18
612	18
613	19
614	19
615	19
616	19
617	19
618	19
619	19
620	19
621	19
622	19
623	19
624	19
625	19
626	19
627	19
628	19
629	19
630	19
631	19
632	19
633	19
634	19
635	19
636	19
637	19
638	19
639	19
640	19
641	19
642	19
643	19
644	19
645	19
646	19
647	19
648	19
649	19
650	19
651	19
652	19
653	19
654	19
655	19
656	19
657	19
658	19
659	19
660	20
661	20
662	20
663	20
664	20
665	20
666	20
667	20
668	20
669	20
670	20
671	20
672	20
673	20
674	20
675	20
676	20
677	20
678	20
679	20
680	20
681	20
682	20
683	20
684	20
685	20
686	20
687	20
688	20
689	20
690	20
691	20
692	20
693	20
694	20
695	20
696	20
697	20
698	20
699	20
700	20
701	20
702	20
703	20
704	20
705	20
706	20
707	20
708	21
709	21
710	21
711	21
712	21
713	21
714	21
715	21
716	21
717	21
718	21
719	21
720	21
721	21
722	21
723	21
724	21
725	21
726	21
727	21
728	21
729	21
730	21
