1	0.0365416
2	0.057541
3	0.0809716
4	0.105944
5	0.0901893
6	0.049083
7	0.0456595
8	0.0514043
9	0.0457547
10	0.0480733
11	0.0473248
12	0.042556
13	0.0394724
14	0.036424
15	0.0327726
16	0.0293398
17	0.026559
18	0.0242602
19	0.0221321
20	0.0202318
21	0.0191173
22	0.018075
23	0.0169289
24	0.0162146
25	0.0153337
26	0.0155693
27	0.0141604
28	0.0140417
29	0.0133254
30	0.0130956
31	0.0129584
32	0.0114541
33	0.0113861
34	0.010637
35	0.010708
36	0.0102703
37	0.00966281
38	0.00938048
39	0.00912076
40	0.00886385
41	0.00854348
42	0.00816408
43	0.00792371
44	0.00796327
45	0.00784905
46	0.00759004
47	0.00740184
48	0.00727854
49	0.00710387
50	0.00691464
51	0.00680157
52	0.00664668
53	0.00655704
54	0.00649759
55	0.00643712
56	0.0062821
57	0.00616483
58	0.00610684
59	0.00610627
60	0.00601594
61	0.00596104
62	0.00597529
63	0.00595609
64	0.0058829
65	0.00577098
66	0.00576406
67	0.00576074
68	0.00575107
69	0.00562313
70	0.00563745
71	0.00561257
72	0.00558114
73	0.00549856
74	0.00546924
75	0.00544699
76	0.00538213
77	0.00534019
78	0.00532172
79	0.00525989
80	0.00519916
81	0.00513637
82	0.00517698
83	0.00508908
84	0.00503492
85	0.00492576
86	0.00493949
87	0.00492726
88	0.0048477
89	0.00477512
90	0.00470837
91	0.00466659
92	0.00465555
93	0.00456606
94	0.00456354
95	0.00448703
96	0.0044363
97	0.00438594
98	0.00435342
99	0.00433434
100	0.00433318
101	0.00424253
102	0.00420366
103	0.00415212
104	0.00416691
105	0.00417165
106	0.00412553
107	0.00407359
108	0.004012
109	0.00399762
110	0.00397928
111	0.00397112
112	0.003918
113	0.00389523
114	0.00389048
115	0.00386281
116	0.00385636
117	0.00384533
118	0.00379378
119	0.00378028
120	0.00376932
121	0.00374012
122	0.00371767
123	0.00371882
124	0.0037158
125	0.00366504
126	0.00364379
127	0.00362834
128	0.0036046
129	0.00358591
130	0.0035642
131	0.00354382
132	0.00353678
133	0.00354621
134	0.00353578
135	0.00348836
136	0.00347406
137	0.00345078
138	0.00343041
139	0.00342661
140	0.00339824
141	0.00337662
142	0.00335483
143	0.00333144
144	0.00331385
145	0.00328931
146	0.0033068
147	0.00329737
148	0.00323527
149	0.00321494
150	0.00318791
151	0.00315933
152	0.00314203
153	0.00311438
154	0.00308528
155	0.00305842
156	0.00303836
157	0.00303526
158	0.00299694
159	0.00296059
160	0.00292866
161	0.002898
162	0.00287161
163	0.00284165
164	0.0028187
165	0.00278662
166	0.00276382
167	0.00274336
168	0.00275107
169	0.00271434
170	0.00268408
171	0.00266522
172	0.00263959
173	0.00262255
174	0.00260493
175	0.00258393
176	0.00257083
177	0.00256053
178	0.00257574
179	0.00254531
180	0.00252831
181	0.00251941
182	0.00250615
183	0.00249517
184	0.00248264
185	0.00246969
186	0.00245878
187	0.00244946
188	0.00243764
189	0.00242729
190	0.00241597
191	0.00240511
192	0.00239278
193	0.00238065
194	0.00236902
195	0.00235825
196	0.00234873
197	0.00233927
198	0.00233049
199	0.00232157
200	0.00231221
201	0.00230327
202	0.00229392
203	0.00228414
204	0.00227449
205	0.00226536
206	0.0022562
207	0.0022471
208	0.00223806
209	0.00222921
210	0.00221981
211	0.00221042
212	0.00220098
213	0.00219117
214	0.00218116
215	0.00217064
216	0.00216007
217	0.00214905
218	0.00213755
219	0.00212515
220	0.00211262
221	0.00209971
222	0.00208684
223	0.00207351
224	0.00205968
225	0.00204536
226	0.00203139
227	0.00201723
228	0.00200289
229	0.00198863
230	0.00197453
231	0.00196007
232	0.00194648
233	0.00193234
234	0.00191832
235	0.00190373
236	0.0018887
237	0.001873
238	0.00185652
239	0.0018392
240	0.0018209
241	0.0018023
242	0.00178304
243	0.00176291
244	0.00174282
245	0.00172206
246	0.00170073
247	0.00167966
248	0.00165784
249	0.00163626
250	0.00161475
251	0.00159348
252	0.00157172
253	0.00155057
254	0.00152944
255	0.00150818
256	0.0014873
257	0.00146661
258	0.0014457
259	0.00142515
260	0.00140441
261	0.00138408
262	0.00136345
263	0.00134308
264	0.00132255
265	0.00130229
266	0.00128218
267	0.00126273
268	0.00124313
269	0.00122466
270	0.00120629
271	0.0011887
272	0.00117161
273	0.00115487
274	0.0011386
275	0.00112273
276	0.00110744
277	0.00109207
278	0.00107741
279	0.00106273
280	0.00104819
281	0.00103343
282	0.00101848
283	0.0010037
284	0.000988533
285	0.000973697
286	0.000958069
287	0.000942751
288	0.000927184
289	0.000911395
290	0.000895687
291	0.000879716
292	0.000863885
293	0.000848004
294	0.000832033
295	0.00081621
296	0.00080037
297	0.000784961
298	0.000769809
299	0.000754651
300	0.000740163
301	0.000725327
302	0.000711093
303	0.000697158
304	0.000683335
305	0.000670158
306	0.000656801
307	0.000644121
308	0.000631307
309	0.000618941
310	0.000607121
311	0.000595139
312	0.000583839
313	0.000572772
314	0.000561827
315	0.000551449
316	0.000541364
317	0.000531459
318	0.000522102
319	0.000512963
320	0.000503983
321	0.000495295
322	0.000486962
323	0.000478872
324	0.00047115
325	0.000463612
326	0.000456698
327	0.000449859
328	0.000443306
329	0.000437269
330	0.000431182
331	0.000425328
332	0.000419887
333	0.000414546
334	0.000409358
335	0.000404488
336	0.000399626
337	0.00039498
338	0.000390627
339	0.000386138
340	0.00038196
341	0.000378039
342	0.000374063
343	0.000370182
344	0.000366629
345	0.00036284
346	0.000359247
347	0.000355968
348	0.000352394
349	0.000348976
350	0.000345719
351	0.000342443
352	0.000339123
353	0.000335901
354	0.00033277
355	0.00032946
356	0.000326094
357	0.000322981
358	0.000319627
359	0.000316336
360	0.000313146
361	0.000309846
362	0.000306497
363	0.000303326
364	0.000299984
365	0.000296608
366	0.000293418
367	0.000290015
368	0.000286682
369	0.000283366
370	0.000279999
371	0.000276533
372	0.000273278
373	0.000269953
374	0.00026641
375	0.000263059
376	0.000259726
377	0.000256212
378	0.000252911
379	0.000249514
380	0.00024599
381	0.000242535
382	0.000239126
383	0.00023565
384	0.000232167
385	0.000228489
386	0.000224649
387	0.000220903
388	0.000217199
389	0.00021321
390	0.000209319
391	0.000205516
392	0.000201629
393	0.000197729
394	0.000193777
395	0.000189796
396	0.000186045
397	0.000182292
398	0.00017849
399	0.000175109
400	0.000171641
401	0.000168027
402	0.000164699
403	0.000161394
404	0.000158099
405	0.000155068
406	0.000152089
407	0.000149057
408	0.000146332
409	0.000143574
410	0.000140806
411	0.000138261
412	0.000135795
413	0.000133281
414	0.000131061
415	0.000128883
416	0.000126698
417	0.000124773
418	0.00012284
419	0.000120866
420	0.000119197
421	0.000117293
422	0.000115275
423	0.000113528
424	0.000111798
425	0.000109993
426	0.000108435
427	0.00010665
428	0.000104827
429	0.000103207
430	0.000101614
431	9.98381e-05
432	9.82781e-05
433	9.68498e-05
434	9.51912e-05
435	9.37158e-05
436	9.23255e-05
437	9.0804e-05
438	8.93346e-05
439	8.79624e-05
440	8.66191e-05
441	8.5367e-05
442	8.41369e-05
443	8.27498e-05
444	8.16282e-05
445	8.05492e-05
446	7.92833e-05
447	7.80825e-05
448	7.71603e-05
449	7.60898e-05
450	7.49242e-05
451	7.39455e-05
452	7.28308e-05
453	7.17253e-05
454	7.07074e-05
455	6.96762e-05
456	6.85414e-05
457	6.77191e-05
458	6.67165e-05
459	6.56177e-05
460	6.46985e-05
461	6.37411e-05
462	6.26574e-05
463	6.16805e-05
464	6.09231e-05
465	5.98611e-05
466	5.88488e-05
467	5.79164e-05
468	5.6972e-05
469	5.60254e-05
470	5.52202e-05
471	5.42566e-05
472	5.34378e-05
473	5.2624e-05
474	5.17816e-05
475	5.09723e-05
476	5.02934e-05
477	4.94271e-05
478	4.86455e-05
479	4.78849e-05
480	4.70756e-05
481	4.63516e-05
482	4.56969e-05
483	4.49169e-05
484	4.41947e-05
485	4.36272e-05
486	4.29133e-05
487	4.23834e-05
488	4.16862e-05
489	4.09221e-05
490	4.04034e-05
491	3.97192e-05
492	3.90044e-05
493	3.84493e-05
494	3.79527e-05
495	3.72873e-05
496	3.68122e-05
497	3.6294e-05
498	3.56405e-05
499	3.52138e-05
500	3.47277e-05
501	3.41183e-05
502	3.37751e-05
503	3.3284e-05
504	3.26463e-05
505	3.23171e-05
506	3.19407e-05
507	3.14107e-05
508	3.11713e-05
509	3.07024e-05
510	3.01878e-05
511	2.98837e-05
512	2.95561e-05
513	2.90277e-05
514	2.88247e-05
515	2.84636e-05
516	2.79415e-05
517	2.78103e-05
518	2.74983e-05
519	2.69202e-05
520	2.6694e-05
521	2.64841e-05
522	2.59806e-05
523	2.58367e-05
524	2.5585e-05
525	2.50576e-05
526	2.48773e-05
527	2.46674e-05
528	2.42185e-05
529	2.38492e-05
530	2.36871e-05
531	2.34276e-05
532	2.32016e-05
533	2.28023e-05
534	2.24725e-05
535	2.23653e-05
536	2.21387e-05
537	2.17513e-05
538	2.15633e-05
539	2.14227e-05
540	2.104e-05
541	2.07076e-05
542	2.05075e-05
543	2.02589e-05
544	2.01318e-05
545	1.97825e-05
546	1.945e-05
547	1.93574e-05
548	1.91463e-05
549	1.87997e-05
550	1.85987e-05
551	1.83897e-05
552	1.81182e-05
553	1.79075e-05
554	1.7767e-05
555	1.74732e-05
556	1.73754e-05
557	1.72372e-05
558	1.69185e-05
559	1.67709e-05
560	1.6597e-05
561	1.63357e-05
562	1.61291e-05
563	1.58998e-05
564	1.5598e-05
565	1.56291e-05
566	1.54342e-05
567	1.51026e-05
568	1.49597e-05
569	1.49074e-05
570	1.46035e-05
571	1.45713e-05
572	1.45068e-05
573	1.43357e-05
574	1.42384e-05
575	1.40591e-05
576	1.38624e-05
577	1.39384e-05
578	1.3756e-05
579	1.35479e-05
580	1.3529e-05
581	1.3473e-05
582	1.32429e-05
583	1.32144e-05
584	1.3103e-05
585	1.28985e-05
586	1.27868e-05
587	1.26315e-05
588	1.24281e-05
589	1.24467e-05
590	1.22739e-05
591	1.20747e-05
592	1.20495e-05
593	1.19251e-05
594	1.16917e-05
595	1.16711e-05
596	1.15219e-05
597	1.12896e-05
598	1.12543e-05
599	1.11e-05
600	1.08663e-05
601	1.08017e-05
602	1.07562e-05
603	1.0517e-05
604	1.05021e-05
605	1.0356e-05
606	1.01166e-05
607	1.00305e-05
608	9.92737e-06
609	9.64268e-06
610	9.68168e-06
611	9.54953e-06
612	9.25556e-06
613	9.13782e-06
614	9.0029e-06
615	8.72823e-06
616	8.6884e-06
617	8.54178e-06
618	8.27473e-06
619	8.20193e-06
620	8.09531e-06
621	7.83986e-06
622	7.82085e-06
623	7.68171e-06
624	7.4409e-06
625	7.37051e-06
626	7.30781e-06
627	7.12541e-06
628	7.16917e-06
629	7.02998e-06
630	6.80983e-06
631	6.75883e-06
632	6.67155e-06
633	6.47583e-06
634	6.49099e-06
635	6.36962e-06
636	6.18691e-06
637	6.16278e-06
638	6.07838e-06
639	5.89746e-06
640	5.94412e-06
641	5.83311e-06
642	5.65981e-06
643	5.65375e-06
644	5.59798e-06
645	5.43717e-06
646	5.51164e-06
647	5.42956e-06
648	5.2824e-06
649	5.29529e-06
650	5.25415e-06
651	5.10947e-06
652	5.19165e-06
653	5.11431e-06
654	4.96281e-06
655	4.97798e-06
656	4.93792e-06
657	4.78718e-06
658	4.86817e-06
659	4.78985e-06
660	4.64117e-06
661	4.6594e-06
662	4.62716e-06
663	4.48556e-06
664	4.57137e-06
665	4.49901e-06
666	4.36094e-06
667	4.37813e-06
668	4.34554e-06
669	4.20758e-06
670	4.29628e-06
671	4.22622e-06
672	4.09671e-06
673	4.10957e-06
674	4.07611e-06
675	3.94618e-06
676	4.03124e-06
677	3.96353e-06
678	3.91981e-06
679	4.00316e-06
680	4.03007e-06
681	3.88315e-06
682	4.02548e-06
683	4.01107e-06
684	3.93862e-06
685	3.99313e-06
686	3.99559e-06
687	3.9084e-06
688	4.0191e-06
689	3.97868e-06
690	3.88234e-06
691	3.90122e-06
692	3.89248e-06
693	3.78518e-06
694	3.86168e-06
695	3.84745e-06
696	3.72338e-06
697	3.72744e-06
698	3.70239e-06
699	3.59521e-06
700	3.66569e-06
701	3.63216e-06
702	3.49599e-06
703	3.49615e-06
704	3.46801e-06
705	3.34771e-06
706	3.41798e-06
707	3.37978e-06
708	3.23727e-06
709	3.23455e-06
710	3.20571e-06
711	3.07735e-06
712	3.11598e-06
713	3.07357e-06
714	2.94954e-06
715	2.96087e-06
716	2.92697e-06
717	2.80511e-06
718	2.85275e-06
719	2.8137e-06
720	2.66028e-06
721	2.65767e-06
722	2.57654e-06
723	2.50187e-06
724	2.55553e-06
725	2.46044e-06
726	2.36796e-06
727	2.34068e-06
728	2.27015e-06
729	2.21679e-06
730	2.22156e-06
