502	2.88667
504	2.89333
509	2.90279
510	2.90291
511	3.21455
514	3.61411
516	3.48656
522	2.91203
524	2.91525
526	3.39402
528	3.3866
535	2.91867
539	3.57886
545	2.94766
547	3.19005
550	3.50682
551	3.44419
559	2.94314
569	2.94487
578	2.94967
588	2.95293
598	2.99253
608	3.02274
616	3.02505
625	3.03642
633	3.04246
636	3.03915
643	3.02318
645	3.01746
651	3.00247
655	3.12442
664	2.97623
674	2.95963
683	2.96545
685	2.96561
690	2.95751
694	2.93568
696	2.92054
706	2.88133
715	2.92697
722	2.93232
733	2.94386
744	2.92929
754	2.94443
762	2.95768
771	2.9671
780	2.96288
783	2.96146
790	2.95358
797	2.9374
801	3.20835
811	2.92927
820	2.92698
830	2.89535
840	2.90442
848	2.88314
855	2.90499
857	3.02112
861	3.47936
867	2.96414
870	2.96987
872	2.97024
874	2.96268
882	2.90876
890	2.89715
892	2.91102
897	2.92303
898	2.92244
899	3.15404
902	3.59628
905	3.39195
912	2.89142
914	2.89003
920	2.87883
922	3.28333
926	3.64376
927	3.55328
935	2.92516
942	2.92331
944	3.44985
947	3.68566
957	2.93246
964	2.93333
966	3.48706
970	3.84809
978	2.95825
985	2.94733
987	3.4673
991	3.71165
