502	-0.0250526
504	-0.00409566
509	-0.0490373
510	-0.00142466
511	-0.0897298
514	-0.0314243
516	-0.00491366
522	-0.00530788
524	-0.00247137
526	-0.0170216
528	-0.0203761
535	-0.0273321
539	-0.0165309
545	-0.079886
547	-0.068339
550	-0.0052857
551	-0.0345785
559	-0.0315204
569	-0.0439334
578	-0.0325444
588	-0.0044567
598	-0.011896
608	-0.019935
616	-0.0342903
625	-0.0367444
633	-0.00716002
636	-1.55929e-05
643	-0.0140932
645	-0.0495603
651	-0.00195832
655	-0.0647591
664	-0.0235766
674	-0.0366514
683	-0.0062371
685	-0.0373349
690	-0.00225086
694	-0.05829
696	-0.0143222
706	-0.0133115
715	-0.0165091
722	-0.00106097
733	-0.0186139
744	-0.0154327
754	-0.0214822
762	-0.0364908
771	-0.0297388
780	-0.0142497
783	-0.0104026
790	-0.0372799
797	-0.0059177
801	-0.0474461
811	-0.00835149
820	-0.0128361
830	-0.00801389
840	-0.0186371
848	-0.0258205
855	-0.0407125
857	-0.0569668
861	-0.0348089
867	-0.0269935
870	-0.00779465
872	-0.0219618
874	-0.0239453
882	-0.0265108
890	-0.0186905
892	-0.049451
897	-0.0351429
898	-0.00576431
899	-0.0945934
902	-0.0403397
905	-0.0166718
912	-0.0019568
914	-0.0190835
920	-0.0539183
922	-0.0713146
926	-0.0308508
927	-0.0183923
935	-0.0392958
942	-0.0952252
944	-0.0214234
947	-0.0128225
957	-0.0430509
964	-0.0537883
966	-0.0732827
970	-0.0311911
978	-0.0255212
985	-0.0660468
987	-0.0832978
991	-0.0345888
