1	1
2	0.0273052
3	0.0360644
4	0.0284924
5	0.263808
6	0.0320501
7	0.0993357
8	0.0661871
9	0.0769235
10	0.171987
11	0.0926795
12	0.426216
13	0.146472
14	0.239481
15	0.279157
16	0.250875
17	0.587821
18	0.333346
19	0.56679
20	0.468264
21	0.517993
22	0.625097
23	0.573651
24	0.72269
25	0.610947
26	0.726022
27	0.708321
28	0.678959
29	0.696434
30	0.769269
31	0.737776
32	0.721335
33	0.727813
34	0.732861
35	0.728683
36	0.729327
37	0.732322
38	0.727127
39	0.727094
40	0.729809
41	0.728534
42	0.728275
43	0.729137
44	0.731118
45	0.732791
46	0.732522
47	0.731594
48	0.734139
49	0.73709
50	0.735291
51	0.732775
52	0.735124
53	0.738989
54	0.738569
55	0.736642
56	0.733248
57	0.733812
58	0.739138
59	0.743408
60	0.735105
61	0.723065
62	0.725249
63	0.745191
64	0.748804
65	0.721304
66	0.700422
67	0.720656
68	0.758922
69	0.740083
70	0.687865
71	0.678319
72	0.732473
73	0.762475
74	0.706792
75	0.653609
76	0.676813
77	0.750781
78	0.743775
79	0.665771
80	0.636399
81	0.690199
82	0.752791
83	0.706951
84	0.632588
85	0.624625
86	0.693996
87	0.731489
88	0.667319
89	0.601954
90	0.600519
91	0.662603
92	0.686906
93	0.621166
94	0.559835
95	0.546805
96	0.586864
97	0.60972
98	0.556074
99	0.492425
100	0.461905
101	0.47009
102	0.489719
103	0.460304
104	0.403467
105	0.363756
106	0.350692
107	0.352451
108	0.34404
109	0.314545
110	0.283262
111	0.264344
112	0.250892
113	0.242494
114	0.229956
115	0.212305
116	0.192948
117	0.176172
118	0.159242
119	0.147723
120	0.136713
121	0.124993
122	0.112244
123	0.10472
124	0.0955211
125	0.0869184
126	0.0819193
127	0.0752817
128	0.0695349
129	0.0645658
130	0.0591448
131	0.0553484
132	0.0509661
133	0.0508514
134	0.0478284
135	0.042952
136	0.0403211
137	0.0368333
138	0.0341599
139	0.0336953
140	0.0332108
141	0.0302204
142	0.0288499
143	0.0268173
144	0.0264442
145	0.0262942
146	0.0263013
147	0.0265279
148	0.0224681
149	0.0228013
150	0.0215551
151	0.0196255
152	0.0189765
153	0.0194286
154	0.0179048
155	0.0186948
156	0.017147
157	0.0206038
158	0.0175739
159	0.0173537
160	0.01687
161	0.0159906
162	0.0148292
163	0.0151668
164	0.0143428
165	0.0157369
166	0.0143046
167	0.0141362
168	0.0179279
169	0.0150545
170	0.0151356
171	0.0145443
172	0.0137822
173	0.0136289
174	0.0135411
175	0.0139999
176	0.0142518
177	0.0137612
178	0.0169202
179	0.0150644
180	0.0157455
181	0.014912
182	0.0139183
183	0.014348
184	0.0142227
185	0.0143064
186	0.014265
187	0.0144886
188	0.0143316
189	0.0145832
190	0.0146096
191	0.0147215
192	0.0147422
193	0.0156457
194	0.0157786
195	0.0155049
196	0.0152904
197	0.0155306
198	0.0151233
199	0.0146806
200	0.014197
201	0.0137632
202	0.0132684
203	0.0137105
204	0.0133157
205	0.0128841
206	0.012196
207	0.0120792
208	0.0117275
209	0.0113798
210	0.010953
211	0.0107592
212	0.0103633
213	0.0108041
214	0.0106191
215	0.0101092
216	0.00970287
217	0.00928884
218	0.00900559
219	0.00944027
220	0.00931596
221	0.00882414
222	0.0084707
223	0.00811089
224	0.00793514
225	0.0083269
226	0.00820164
227	0.00776841
228	0.0074678
229	0.00736144
230	0.00708434
231	0.00678588
232	0.00665782
233	0.0072138
234	0.00682768
235	0.0063932
236	0.00596636
237	0.00641584
238	0.00635036
239	0.00591934
240	0.00562072
241	0.00558317
242	0.00520996
243	0.00556641
244	0.00545428
245	0.00519187
246	0.00491698
247	0.00529774
248	0.00484086
249	0.0048233
250	0.00517817
251	0.00469613
252	0.00470931
253	0.00470669
254	0.00453699
255	0.00451771
256	0.00472955
257	0.00428541
258	0.00429021
259	0.00427628
260	0.0041547
261	0.00404387
262	0.00451336
263	0.00436385
264	0.00394791
265	0.00387138
266	0.00371569
267	0.00332496
268	0.00359934
269	0.00372508
270	0.00342964
271	0.00334295
272	0.00365301
273	0.00333897
274	0.00311057
275	0.00345042
276	0.00315194
277	0.00316393
278	0.00327988
279	0.00307833
280	0.00294486
281	0.00379008
282	0.00316444
283	0.00326014
284	0.00291976
285	0.00269206
286	0.0027731
287	0.00268028
288	0.00288409
289	0.00274925
290	0.00348984
291	0.00276972
292	0.00290872
293	0.00293263
294	0.0026852
295	0.00269781
296	0.00300769
297	0.00259503
298	0.00260621
299	0.0025888
300	0.00242574
301	0.00240623
302	0.00270318
303	0.00268188
304	0.00269291
305	0.00265171
306	0.002236
307	0.00236697
308	0.00245415
309	0.0024948
310	0.00244826
311	0.002654
312	0.00237916
313	0.00245652
314	0.00261343
315	0.00232877
316	0.0020675
317	0.00204102
318	0.00219095
319	0.00192723
320	0.00199144
321	0.00206052
322	0.00186164
323	0.00212397
324	0.00223684
325	0.00205599
326	0.00192936
327	0.00236128
328	0.00191626
329	0.0020606
330	0.00209326
331	0.00179956
332	0.00180661
333	0.00228539
334	0.00175245
335	0.00198141
336	0.00187049
337	0.00159578
338	0.001893
339	0.00199983
340	0.00153293
341	0.00168867
342	0.00207452
343	0.00155271
344	0.00160471
345	0.0014035
346	0.00155092
347	0.00142642
348	0.00219897
349	0.00187063
350	0.00205056
351	0.00131721
352	0.00215033
353	0.00150278
354	0.00161453
355	0.00200848
356	0.00174553
357	0.00164818
358	0.00171144
359	0.00157219
360	0.00146282
361	0.00173377
362	0.0015628
363	0.00155084
364	0.001712
365	0.00141079
366	0.0015021
367	0.00188785
368	0.00143308
369	0.00165202
370	0.00125664
371	0.00167067
372	0.00117672
373	0.00147202
374	0.00150212
375	0.00131573
376	0.00150371
377	0.00132145
378	0.00136536
379	0.00178065
380	0.00184219
381	0.00157688
382	0.00133569
383	0.00148403
384	0.0014611
385	0.00172856
386	0.00175999
387	0.00161316
388	0.00148389
389	0.0018694
390	0.00138737
391	0.00118128
392	0.0012913
393	0.00184813
394	0.00133951
395	0.00141404
396	0.00116282
397	0.00145766
398	0.00157835
399	0.00147376
400	0.00165844
401	0.00171996
402	0.00141258
403	0.00138033
404	0.00147452
405	0.0014265
406	0.00135618
407	0.00147241
408	0.00132
409	0.00143794
410	0.00133075
411	0.0012731
412	0.00129277
413	0.00134647
414	0.00122973
415	0.00131345
416	0.0013029
417	0.00116245
418	0.00122284
419	0.00133038
420	0.00123742
421	0.00203059
422	0.00173764
423	0.00146159
424	0.00138802
425	0.00136399
426	0.00128205
427	0.00190771
428	0.00163922
429	0.0013928
430	0.00111391
431	0.00179293
432	0.00121432
433	0.00136104
434	0.00211769
435	0.00117464
436	0.00152994
437	0.000963299
438	0.00147016
439	0.0014106
440	0.00117958
441	0.00114224
442	0.00102359
443	0.0013628
444	0.00125805
445	0.00133091
446	0.00166361
447	0.00127997
448	0.00119582
449	0.00180004
450	0.00137072
451	0.00127612
452	0.00136104
453	0.00106878
454	0.00119326
455	0.00107274
456	0.0013774
457	0.00107869
458	0.00115072
459	0.00117669
460	0.000966088
461	0.00171592
462	0.00122545
463	0.00124568
464	0.00148377
465	0.00142591
466	0.00128601
467	0.00162744
468	0.001173
469	0.00116403
470	0.00146054
471	0.00141464
472	0.00124416
473	0.00160893
474	0.00116661
475	0.00115716
476	0.00144323
477	0.00139685
478	0.00122955
479	0.00158705
480	0.00115638
481	0.00115952
482	0.00147805
483	0.00132086
484	0.00120448
485	0.001007
486	0.00131757
487	0.00126977
488	0.0013206
489	0.00136422
490	0.00126534
491	0.0016255
492	0.00133384
493	0.00116473
494	0.00113041
495	0.00131802
496	0.00123815
497	0.0012177
498	0.00129445
499	0.00112012
500	0.00116296
501	0.00123614
502	0.00109403
503	0.00158938
504	0.0015481
505	0.00141383
506	0.00154511
507	0.00132913
508	0.00129787
509	0.00201859
510	0.00160185
511	0.00141056
512	0.00110978
513	0.00131103
514	0.00108592
515	0.00144479
516	0.00149983
517	0.00148342
518	0.00145209
519	0.00125878
520	0.00110083
521	0.00137248
522	0.0014579
523	0.00144172
524	0.00121593
525	0.00187921
526	0.00122524
527	0.001567
528	0.00108534
529	0.00161465
530	0.00116116
531	0.0010249
532	0.00113173
533	0.00136457
534	0.00146678
535	0.00107662
536	0.00114252
537	0.00181082
538	0.00144775
539	0.0012084
540	0.00096585
541	0.00147932
542	0.00119924
543	0.00112186
544	0.00108457
545	0.00134498
546	0.00144626
547	0.00111038
548	0.00126823
549	0.00164317
550	0.00118308
551	0.00122009
552	0.00110123
553	0.00119342
554	0.00133811
555	0.00144671
556	0.00148978
557	0.00116099
558	0.00175311
559	0.00121088
560	0.00110777
561	0.00105392
562	0.00151739
563	0.00116651
564	0.00132691
565	0.00121103
566	0.00171291
567	0.00152393
568	0.00133749
569	0.00103637
570	0.00175987
571	0.00119291
572	0.00127063
573	0.00120974
574	0.00152405
575	0.00138701
576	0.00140902
577	0.001264
578	0.0020563
579	0.00149577
580	0.00136728
581	0.00101807
582	0.00179507
583	0.00118827
584	0.00127996
585	0.00122007
586	0.00152632
587	0.00118994
588	0.00130197
589	0.00121181
590	0.00184249
591	0.00150721
592	0.00130135
593	0.00131201
594	0.00140824
595	0.00123513
596	0.00132606
597	0.00139211
598	0.00125579
599	0.00148318
600	0.00143124
601	0.00127927
602	0.00122722
603	0.00132766
604	0.0013176
605	0.00140264
606	0.00128285
607	0.00121838
608	0.00126025
609	0.00133469
610	0.00133581
611	0.00158776
612	0.00144789
613	0.00130142
614	0.00131208
615	0.00131827
616	0.0013474
617	0.00156148
618	0.00140845
619	0.00126894
620	0.00130969
621	0.00131615
622	0.00135691
623	0.00151663
624	0.0013597
625	0.00124535
626	0.00115249
627	0.00122809
628	0.00129273
629	0.00150187
630	0.00138396
631	0.00126406
632	0.0012521
633	0.00125505
634	0.00132194
635	0.00150901
636	0.00135359
637	0.0012465
638	0.00125798
639	0.00126743
640	0.00132225
641	0.0015109
642	0.00135306
643	0.00124911
644	0.00125545
645	0.00126521
646	0.00132079
647	0.00150907
648	0.00135193
649	0.00124783
650	0.00125509
651	0.00126452
652	0.00131938
653	0.00150807
654	0.0013508
655	0.00124638
656	0.00125416
657	0.00126393
658	0.00131772
659	0.00150687
660	0.00134957
661	0.00124493
662	0.0012533
663	0.001263
664	0.00131456
665	0.00150471
666	0.00134813
667	0.00124333
668	0.00125254
669	0.00125844
670	0.00131262
671	0.00150221
672	0.00134494
673	0.00124139
674	0.00125169
675	0.00125782
676	0.00131128
677	0.00150081
678	0.00133801
679	0.00123523
680	0.00124692
681	0.00125811
682	0.00130487
683	0.00149676
684	0.00133829
685	0.00123378
686	0.00124588
687	0.00125368
688	0.00130211
689	0.00149482
690	0.00133769
691	0.00120406
692	0.00122782
693	0.00125984
694	0.00128692
695	0.00149142
696	0.00133814
697	0.0012101
698	0.00122292
699	0.00125619
700	0.00128396
701	0.00148849
702	0.00133755
703	0.0012078
704	0.00122243
705	0.00125587
706	0.00128289
707	0.00148738
708	0.00133637
709	0.00120683
710	0.00122155
711	0.00119251
712	0.00130765
713	0.00144992
714	0.00132809
715	0.00119528
716	0.00122402
717	0.0011951
718	0.00130889
719	0.00145003
720	0.00126133
721	0.00122254
722	0.00107874
723	0.00103881
724	0.00117361
725	0.00135772
726	0.00127463
727	0.00116971
728	0.00141753
729	0.00126693
730	0.000967189
