1	4.8031e-07
2	6.5657e-07
3	8.48941e-07
4	9.52809e-07
5	7.80402e-07
6	8.46092e-07
7	6.08631e-07
8	4.63156e-07
9	9.56468e-07
10	8.61497e-07
11	5.62437e-07
12	8.28803e-07
13	9.62252e-07
14	6.44831e-07
15	5.0473e-07
16	5.2488e-07
17	4.98996e-07
18	8.45882e-07
19	5.13021e-07
20	5.85643e-07
21	6.04324e-07
22	7.34302e-07
23	4.60938e-07
24	7.66739e-07
25	6.39264e-07
26	8.2965e-07
27	8.30595e-07
28	6.66856e-07
29	6.84661e-07
30	7.4726e-07
31	7.19421e-07
32	6.63985e-07
33	6.51467e-07
34	6.80649e-07
35	6.59277e-07
36	6.27587e-07
37	6.22898e-07
38	6.41021e-07
39	6.27774e-07
40	5.97306e-07
41	6.0362e-07
42	6.17467e-07
43	6.03795e-07
44	5.77883e-07
45	5.87563e-07
46	5.97019e-07
47	5.82907e-07
48	5.63118e-07
49	5.70655e-07
50	5.75619e-07
51	5.62452e-07
52	5.46288e-07
53	5.50125e-07
54	5.53911e-07
55	5.41953e-07
56	5.25962e-07
57	5.24225e-07
58	5.29076e-07
59	5.23973e-07
60	5.08509e-07
61	4.95968e-07
62	4.94889e-07
63	5.01131e-07
64	4.99764e-07
65	4.77559e-07
66	4.62664e-07
67	4.58681e-07
68	4.86012e-07
69	4.8001e-07
70	4.41376e-07
71	4.24928e-07
72	4.42393e-07
73	4.80322e-07
74	4.41958e-07
75	9.76926e-07
76	9.10564e-07
77	4.47929e-07
78	4.57386e-07
79	9.14707e-07
80	8.94196e-07
81	8.97425e-07
82	4.44984e-07
83	9.66459e-07
84	8.36236e-07
85	8.18341e-07
86	9.00518e-07
87	9.83324e-07
88	8.80429e-07
89	7.84612e-07
90	7.69711e-07
91	8.63616e-07
92	9.18701e-07
93	8.41743e-07
94	7.48626e-07
95	7.39719e-07
96	8.07367e-07
97	8.61983e-07
98	8.22097e-07
99	7.40827e-07
100	7.17163e-07
101	7.5422e-07
102	8.06389e-07
103	7.99461e-07
104	7.46358e-07
105	7.13021e-07
106	7.20968e-07
107	7.52113e-07
108	7.62969e-07
109	7.44773e-07
110	7.21643e-07
111	7.11388e-07
112	7.12041e-07
113	7.1802e-07
114	7.21543e-07
115	7.17902e-07
116	7.06413e-07
117	6.94408e-07
118	6.88922e-07
119	6.89129e-07
120	6.90023e-07
121	6.86988e-07
122	6.81037e-07
123	6.73351e-07
124	6.6652e-07
125	6.61317e-07
126	6.58252e-07
127	6.55389e-07
128	6.51842e-07
129	6.46733e-07
130	6.4078e-07
131	6.34619e-07
132	6.29164e-07
133	6.24809e-07
134	6.21352e-07
135	6.17325e-07
136	6.12721e-07
137	6.08152e-07
138	6.03127e-07
139	5.983e-07
140	5.94353e-07
141	5.90085e-07
142	5.8639e-07
143	5.83022e-07
144	5.79078e-07
145	5.75386e-07
146	5.71749e-07
147	5.68589e-07
148	5.65618e-07
149	5.62562e-07
150	5.59779e-07
151	5.57163e-07
152	5.54754e-07
153	5.52278e-07
154	5.501e-07
155	5.47965e-07
156	5.46216e-07
157	5.4418e-07
158	5.42945e-07
159	5.4131e-07
160	5.4009e-07
161	5.38799e-07
162	5.38091e-07
163	5.37276e-07
164	5.36668e-07
165	5.36236e-07
166	5.35719e-07
167	5.35641e-07
168	5.35243e-07
169	5.3555e-07
170	5.35283e-07
171	5.35337e-07
172	5.35321e-07
173	5.35419e-07
174	5.35596e-07
175	5.35207e-07
176	5.35485e-07
177	5.3527e-07
178	5.35243e-07
179	5.35114e-07
180	5.34509e-07
181	5.34664e-07
182	5.34209e-07
183	5.33785e-07
184	5.3356e-07
185	5.32832e-07
186	5.32447e-07
187	5.31877e-07
188	5.30868e-07
189	5.30459e-07
190	5.29552e-07
191	5.28397e-07
192	5.27653e-07
193	5.26407e-07
194	5.25001e-07
195	5.23763e-07
196	5.22112e-07
197	5.20188e-07
198	5.18593e-07
199	5.16544e-07
200	5.14261e-07
201	5.12355e-07
202	5.10161e-07
203	5.07762e-07
204	5.05511e-07
205	5.03071e-07
206	5.00548e-07
207	4.97864e-07
208	4.955e-07
209	4.92742e-07
210	4.89724e-07
211	4.87065e-07
212	4.8424e-07
213	4.81167e-07
214	4.7803e-07
215	4.75123e-07
216	4.7195e-07
217	4.68586e-07
218	4.65056e-07
219	4.6164e-07
220	4.57783e-07
221	4.53358e-07
222	4.48992e-07
223	9.97439e-07
224	9.86166e-07
225	9.74666e-07
226	9.62708e-07
227	9.49501e-07
228	9.35454e-07
229	9.21433e-07
230	9.06508e-07
231	8.91051e-07
232	8.74737e-07
233	8.58334e-07
234	8.41863e-07
235	8.24999e-07
236	8.07823e-07
237	7.90802e-07
238	7.74839e-07
239	7.58773e-07
240	7.43303e-07
241	7.28819e-07
242	7.15759e-07
243	7.03829e-07
244	6.93054e-07
245	6.83616e-07
246	6.76036e-07
247	6.69821e-07
248	6.6373e-07
249	6.57993e-07
250	6.51667e-07
251	6.44731e-07
252	6.36297e-07
253	6.26238e-07
254	6.14937e-07
255	6.02428e-07
256	5.89091e-07
257	5.7554e-07
258	5.62152e-07
259	5.49013e-07
260	5.36688e-07
261	5.25319e-07
262	5.15096e-07
263	5.05828e-07
264	4.97797e-07
265	4.90847e-07
266	4.84809e-07
267	4.79596e-07
268	4.75373e-07
269	4.71549e-07
270	4.68096e-07
271	4.64274e-07
272	4.60395e-07
273	4.56127e-07
274	9.99988e-07
275	9.89515e-07
276	9.7857e-07
277	9.67431e-07
278	9.56012e-07
279	9.4455e-07
280	9.32765e-07
281	9.20997e-07
282	9.09112e-07
283	8.97428e-07
284	8.85375e-07
285	8.7365e-07
286	8.61795e-07
287	8.5018e-07
288	8.3833e-07
289	8.26702e-07
290	8.1522e-07
291	8.03761e-07
292	7.92528e-07
293	7.81241e-07
294	7.70308e-07
295	7.59316e-07
296	7.48414e-07
297	7.37792e-07
298	7.27293e-07
299	7.16833e-07
300	7.067e-07
301	6.96567e-07
302	6.86501e-07
303	6.76897e-07
304	6.66883e-07
305	6.57331e-07
306	6.47531e-07
307	6.37956e-07
308	6.28337e-07
309	6.18752e-07
310	6.09091e-07
311	5.99192e-07
312	5.89727e-07
313	5.79779e-07
314	5.70017e-07
315	5.60352e-07
316	5.50459e-07
317	5.40821e-07
318	5.31057e-07
319	5.21133e-07
320	5.11631e-07
321	5.01938e-07
322	4.92109e-07
323	4.82719e-07
324	4.73302e-07
325	4.63845e-07
326	4.54433e-07
327	4.45256e-07
328	9.82742e-07
329	9.63594e-07
330	9.44032e-07
331	9.25639e-07
332	9.07681e-07
333	8.89787e-07
334	8.72695e-07
335	8.55957e-07
336	8.39811e-07
337	8.24136e-07
338	8.08793e-07
339	7.93964e-07
340	7.79926e-07
341	7.66287e-07
342	7.53436e-07
343	7.41058e-07
344	7.29464e-07
345	7.18496e-07
346	7.08262e-07
347	6.98494e-07
348	6.89527e-07
349	6.81387e-07
350	6.73508e-07
351	6.66527e-07
352	6.6013e-07
353	6.54142e-07
354	6.48796e-07
355	6.43378e-07
356	6.38794e-07
357	6.34368e-07
358	6.30105e-07
359	6.26266e-07
360	6.22146e-07
361	6.18202e-07
362	6.14287e-07
363	6.1026e-07
364	6.06117e-07
365	6.01922e-07
366	5.97376e-07
367	5.92728e-07
368	5.87563e-07
369	5.82483e-07
370	5.77044e-07
371	5.71395e-07
372	5.65736e-07
373	5.58995e-07
374	5.52435e-07
375	5.45114e-07
376	5.38028e-07
377	5.30207e-07
378	5.22246e-07
379	5.14323e-07
380	5.05679e-07
381	4.97024e-07
382	4.88714e-07
383	4.79155e-07
384	4.69781e-07
385	4.60959e-07
386	4.51253e-07
387	4.4133e-07
388	4.3201e-07
389	9.85719e-07
390	9.63694e-07
391	9.43548e-07
392	9.19591e-07
393	8.97162e-07
394	8.75938e-07
395	8.54056e-07
396	8.32218e-07
397	8.12109e-07
398	7.90548e-07
399	7.70907e-07
400	7.50946e-07
401	7.30817e-07
402	7.10921e-07
403	6.94478e-07
404	6.75415e-07
405	6.58391e-07
406	6.44063e-07
407	6.2744e-07
408	6.12601e-07
409	5.99942e-07
410	5.85335e-07
411	5.71368e-07
412	5.59946e-07
413	5.46233e-07
414	5.32808e-07
415	5.21999e-07
416	5.08895e-07
417	4.96871e-07
418	4.8692e-07
419	4.7419e-07
420	4.63479e-07
421	4.53436e-07
422	4.41932e-07
423	9.93177e-07
424	9.734e-07
425	9.45045e-07
426	9.23769e-07
427	9.04226e-07
428	8.81788e-07
429	8.60759e-07
430	8.45332e-07
431	8.20651e-07
432	7.99966e-07
433	7.86036e-07
434	7.65065e-07
435	7.46469e-07
436	7.32622e-07
437	7.13452e-07
438	6.9757e-07
439	6.81458e-07
440	6.6657e-07
441	6.51676e-07
442	6.41546e-07
443	6.2603e-07
444	6.10931e-07
445	6.01804e-07
446	5.86594e-07
447	5.7612e-07
448	5.67773e-07
449	5.54956e-07
450	5.41863e-07
451	5.31646e-07
452	5.21411e-07
453	5.1151e-07
454	5.0074e-07
455	4.94366e-07
456	4.84803e-07
457	4.76712e-07
458	4.69972e-07
459	4.61364e-07
460	4.50606e-07
461	4.45502e-07
462	4.36098e-07
463	4.29177e-07
464	4.28008e-07
465	9.7611e-07
466	9.66463e-07
467	9.51074e-07
468	9.34909e-07
469	9.22721e-07
470	9.15725e-07
471	8.97204e-07
472	8.83991e-07
473	8.73202e-07
474	8.59785e-07
475	8.4968e-07
476	8.46197e-07
477	8.27386e-07
478	8.16366e-07
479	8.07577e-07
480	7.94817e-07
481	7.86364e-07
482	7.83404e-07
483	7.68983e-07
484	7.59457e-07
485	7.62999e-07
486	7.42883e-07
487	7.37197e-07
488	7.30331e-07
489	7.20499e-07
490	7.14561e-07
491	7.06131e-07
492	6.93124e-07
493	6.83659e-07
494	6.9195e-07
495	6.69198e-07
496	6.59968e-07
497	6.65967e-07
498	6.47841e-07
499	6.39771e-07
500	6.42816e-07
501	6.25937e-07
502	6.16637e-07
503	6.18277e-07
504	6.13523e-07
505	5.95344e-07
506	5.98137e-07
507	5.79346e-07
508	5.72018e-07
509	5.73318e-07
510	5.6596e-07
511	5.57181e-07
512	5.60697e-07
513	5.43747e-07
514	5.35239e-07
515	5.42741e-07
516	5.33512e-07
517	5.28745e-07
518	5.25146e-07
519	5.11604e-07
520	4.97741e-07
521	5.1132e-07
522	4.95604e-07
523	4.91754e-07
524	4.91279e-07
525	4.79757e-07
526	4.69025e-07
527	4.73617e-07
528	4.55458e-07
529	4.54424e-07
530	4.5385e-07
531	4.46403e-07
532	4.37793e-07
533	4.32491e-07
534	4.31564e-07
535	4.28798e-07
536	4.28669e-07
537	4.20221e-07
538	9.76763e-07
539	9.95877e-07
540	9.60535e-07
541	9.50729e-07
542	9.51865e-07
543	9.37227e-07
544	9.31672e-07
545	9.12032e-07
546	9.23082e-07
547	8.98738e-07
548	9.04627e-07
549	8.82172e-07
550	8.63045e-07
551	8.68978e-07
552	8.48627e-07
553	8.40307e-07
554	8.72855e-07
555	8.39415e-07
556	8.23664e-07
557	8.44172e-07
558	8.1484e-07
559	7.89853e-07
560	8.08673e-07
561	7.84581e-07
562	7.67488e-07
563	7.77341e-07
564	7.67898e-07
565	7.6649e-07
566	7.67192e-07
567	7.76697e-07
568	7.24338e-07
569	7.5198e-07
570	7.14697e-07
571	6.9592e-07
572	7.10521e-07
573	6.87609e-07
574	6.70078e-07
575	6.74059e-07
576	6.68474e-07
577	6.60231e-07
578	6.69745e-07
579	6.64196e-07
580	6.40866e-07
581	6.45736e-07
582	6.26144e-07
583	6.14033e-07
584	6.25447e-07
585	6.06474e-07
586	5.82744e-07
587	5.89741e-07
588	5.86523e-07
589	5.76242e-07
590	5.84483e-07
591	5.86887e-07
592	5.55206e-07
593	5.76071e-07
594	5.60077e-07
595	5.33048e-07
596	5.59688e-07
597	5.43777e-07
598	5.12376e-07
599	5.35557e-07
600	5.29151e-07
601	4.95888e-07
602	5.32922e-07
603	4.99272e-07
604	4.76626e-07
605	4.99616e-07
606	4.98205e-07
607	4.58876e-07
608	4.9122e-07
609	4.75504e-07
610	4.59283e-07
611	4.71616e-07
612	4.72995e-07
613	4.22399e-07
614	4.54195e-07
615	4.35825e-07
616	9.94673e-07
617	4.3395e-07
618	4.31557e-07
619	9.47731e-07
620	4.22117e-07
621	9.96183e-07
622	9.22344e-07
623	9.94894e-07
624	9.60079e-07
625	8.80042e-07
626	9.78488e-07
627	8.99533e-07
628	8.82716e-07
629	9.30473e-07
630	9.19339e-07
631	8.2448e-07
632	8.99033e-07
633	8.46718e-07
634	8.01317e-07
635	8.57028e-07
636	8.44327e-07
637	7.62137e-07
638	8.32915e-07
639	7.95349e-07
640	7.45894e-07
641	8.0114e-07
642	7.90589e-07
643	7.02712e-07
644	7.75235e-07
645	7.38974e-07
646	6.8684e-07
647	7.4216e-07
648	7.35467e-07
649	6.46682e-07
650	7.19078e-07
651	6.86454e-07
652	6.34246e-07
653	6.90311e-07
654	6.85727e-07
655	5.96395e-07
656	6.70779e-07
657	6.3912e-07
658	5.87999e-07
659	6.44857e-07
660	6.40983e-07
661	5.51801e-07
662	6.28011e-07
663	5.9694e-07
664	5.46764e-07
665	6.02922e-07
666	6.01934e-07
667	5.12347e-07
668	5.89725e-07
669	5.6019e-07
670	5.10067e-07
671	5.67265e-07
672	5.6803e-07
673	4.77416e-07
674	5.561e-07
675	5.28377e-07
676	4.77701e-07
677	5.35544e-07
678	5.37175e-07
679	4.45442e-07
680	5.23235e-07
681	4.98327e-07
682	4.47066e-07
683	5.04034e-07
684	5.0822e-07
685	4.16294e-07
686	4.94796e-07
687	4.70248e-07
688	4.18024e-07
689	4.7601e-07
690	4.81431e-07
691	9.80956e-07
692	4.74258e-07
693	4.46375e-07
694	9.73616e-07
695	4.7475e-07
696	4.60396e-07
697	9.19091e-07
698	4.49868e-07
699	4.19631e-07
700	9.24002e-07
701	4.47764e-07
702	4.41036e-07
703	8.71801e-07
704	4.29397e-07
705	4.01029e-07
706	8.76669e-07
707	4.28486e-07
708	4.21487e-07
709	8.24882e-07
710	4.09318e-07
711	9.69263e-07
712	8.134e-07
713	3.96931e-07
714	3.86402e-07
715	7.73387e-07
716	3.85082e-07
717	9.33765e-07
718	7.70432e-07
719	3.8192e-07
720	9.6692e-07
721	7.76632e-07
722	9.42977e-07
723	7.75604e-07
724	7.56069e-07
725	9.10119e-07
726	8.73541e-07
727	7.98157e-07
728	8.60938e-07
729	8.02236e-07
730	7.02935e-07
