1	5.76689e-07
2	9.50687e-07
3	5.79182e-07
4	9.61862e-07
5	7.90147e-07
6	4.41405e-07
7	5.2609e-07
8	9.98914e-07
9	8.06385e-07
10	7.44176e-07
11	6.0854e-07
12	8.51122e-07
13	6.19666e-07
14	7.17082e-07
15	6.44182e-07
16	6.97073e-07
17	7.7414e-07
18	5.14408e-07
19	7.36747e-07
20	6.05114e-07
21	9.14575e-07
22	7.33009e-07
23	5.23296e-07
24	7.39457e-07
25	8.39598e-07
26	5.8056e-07
27	4.68995e-07
28	6.66149e-07
29	8.08728e-07
30	6.15258e-07
31	4.75685e-07
32	6.28243e-07
33	6.99684e-07
34	5.60271e-07
35	5.52604e-07
36	6.61816e-07
37	6.48419e-07
38	5.62068e-07
39	6.07311e-07
40	6.91705e-07
41	6.92905e-07
42	6.40998e-07
43	6.57313e-07
44	7.38128e-07
45	7.67288e-07
46	7.20603e-07
47	7.10067e-07
48	7.94219e-07
49	8.36166e-07
50	7.87557e-07
51	7.69195e-07
52	8.5248e-07
53	8.82162e-07
54	8.23506e-07
55	7.98129e-07
56	9.03059e-07
57	9.33307e-07
58	8.3523e-07
59	7.9901e-07
60	8.82795e-07
61	9.84939e-07
62	8.95376e-07
63	7.89533e-07
64	8.5327e-07
65	9.33016e-07
66	9.94882e-07
67	7.84298e-07
68	8.47543e-07
69	7.8129e-07
70	9.71446e-07
71	9.48528e-07
72	7.34844e-07
73	8.33983e-07
74	7.55353e-07
75	9.96834e-07
76	7.95248e-07
77	7.84747e-07
78	7.32898e-07
79	8.37355e-07
80	9.27772e-07
81	6.058e-07
82	8.05767e-07
83	6.09463e-07
84	8.49356e-07
85	8.1101e-07
86	6.17509e-07
87	7.68478e-07
88	5.71967e-07
89	7.89344e-07
90	7.28785e-07
91	6.1574e-07
92	7.19998e-07
93	5.59606e-07
94	7.09119e-07
95	6.85595e-07
96	5.72782e-07
97	6.79463e-07
98	5.82354e-07
99	6.30638e-07
100	6.5155e-07
101	5.66574e-07
102	6.31118e-07
103	6.10791e-07
104	5.69961e-07
105	6.01391e-07
106	5.71726e-07
107	5.68981e-07
108	6.00143e-07
109	5.73343e-07
110	5.55012e-07
111	5.60456e-07
112	5.61648e-07
113	5.67641e-07
114	5.87078e-07
115	5.87116e-07
116	5.7144e-07
117	5.64243e-07
118	5.64034e-07
119	5.73506e-07
120	5.9161e-07
121	5.99938e-07
122	5.96807e-07
123	5.89871e-07
124	5.85869e-07
125	5.88227e-07
126	5.96267e-07
127	6.06002e-07
128	6.13083e-07
129	6.14253e-07
130	6.10856e-07
131	6.07767e-07
132	6.08405e-07
133	6.13222e-07
134	6.19331e-07
135	6.24741e-07
136	6.27022e-07
137	6.26135e-07
138	6.24099e-07
139	6.23074e-07
140	6.24602e-07
141	6.28689e-07
142	6.33216e-07
143	6.35955e-07
144	6.36764e-07
145	6.35868e-07
146	6.35203e-07
147	6.35684e-07
148	6.37961e-07
149	6.4111e-07
150	6.43829e-07
151	6.45277e-07
152	6.45902e-07
153	6.45924e-07
154	6.46757e-07
155	6.4851e-07
156	6.51399e-07
157	6.5422e-07
158	6.56368e-07
159	6.58232e-07
160	6.59655e-07
161	6.61235e-07
162	6.63077e-07
163	6.65706e-07
164	6.68684e-07
165	6.71921e-07
166	6.75092e-07
167	6.78143e-07
168	6.81463e-07
169	6.84598e-07
170	6.88518e-07
171	6.92334e-07
172	6.96507e-07
173	7.00694e-07
174	7.04832e-07
175	7.09333e-07
176	7.13598e-07
177	7.18206e-07
178	7.22651e-07
179	7.27119e-07
180	7.31926e-07
181	7.36324e-07
182	7.40902e-07
183	7.45432e-07
184	7.49831e-07
185	7.54424e-07
186	7.58705e-07
187	7.62877e-07
188	7.67108e-07
189	7.70893e-07
190	7.74519e-07
191	7.78085e-07
192	7.81027e-07
193	7.83909e-07
194	7.86484e-07
195	7.87982e-07
196	7.89687e-07
197	7.91614e-07
198	7.92834e-07
199	7.93739e-07
200	7.94669e-07
201	7.94838e-07
202	7.94444e-07
203	7.9409e-07
204	7.93324e-07
205	7.91722e-07
206	7.89829e-07
207	7.87792e-07
208	7.85028e-07
209	7.81585e-07
210	7.78203e-07
211	7.74334e-07
212	7.69768e-07
213	7.64822e-07
214	7.59932e-07
215	7.54229e-07
216	7.48206e-07
217	7.41747e-07
218	7.34912e-07
219	7.27781e-07
220	7.20581e-07
221	7.12928e-07
222	7.05797e-07
223	6.9875e-07
224	6.91488e-07
225	6.84475e-07
226	6.78047e-07
227	6.71554e-07
228	6.65426e-07
229	6.5962e-07
230	6.53909e-07
231	6.48675e-07
232	6.43843e-07
233	6.38822e-07
234	6.33985e-07
235	6.28254e-07
236	6.21065e-07
237	6.12297e-07
238	6.02719e-07
239	5.91302e-07
240	5.78597e-07
241	5.65021e-07
242	5.50152e-07
243	5.34098e-07
244	5.17635e-07
245	5.00319e-07
246	4.82383e-07
247	4.64406e-07
248	9.83047e-07
249	9.44046e-07
250	9.06692e-07
251	8.69761e-07
252	8.34402e-07
253	8.01955e-07
254	7.71537e-07
255	7.43895e-07
256	7.20306e-07
257	6.99319e-07
258	6.82312e-07
259	6.68793e-07
260	6.58022e-07
261	6.50408e-07
262	6.44846e-07
263	6.37716e-07
264	6.2866e-07
265	6.18248e-07
266	6.06964e-07
267	5.95394e-07
268	5.8369e-07
269	5.72566e-07
270	5.61644e-07
271	5.51539e-07
272	5.42015e-07
273	5.32977e-07
274	5.24701e-07
275	5.16436e-07
276	5.08754e-07
277	5.01455e-07
278	4.94016e-07
279	4.86928e-07
280	4.79886e-07
281	4.72802e-07
282	4.65747e-07
283	4.58685e-07
284	9.90637e-07
285	9.74928e-07
286	9.59614e-07
287	9.43766e-07
288	9.27877e-07
289	9.12421e-07
290	8.96318e-07
291	8.80166e-07
292	8.64433e-07
293	8.47929e-07
294	8.31631e-07
295	8.15623e-07
296	7.99139e-07
297	7.82411e-07
298	7.65957e-07
299	7.49497e-07
300	7.32615e-07
301	7.15839e-07
302	6.99502e-07
303	6.82357e-07
304	6.65732e-07
305	6.49231e-07
306	6.31756e-07
307	6.15064e-07
308	5.98572e-07
309	5.8129e-07
310	5.6507e-07
311	5.48826e-07
312	5.31381e-07
313	5.15868e-07
314	5.00356e-07
315	4.84104e-07
316	4.69022e-07
317	4.54433e-07
318	9.7807e-07
319	9.47047e-07
320	9.17033e-07
321	8.85543e-07
322	8.56868e-07
323	8.30009e-07
324	8.01581e-07
325	7.7852e-07
326	7.57555e-07
327	7.34926e-07
328	7.16028e-07
329	6.98751e-07
330	6.81487e-07
331	6.65205e-07
332	6.52692e-07
333	6.39484e-07
334	6.25419e-07
335	6.15568e-07
336	6.05715e-07
337	5.94774e-07
338	5.8769e-07
339	5.80027e-07
340	5.71005e-07
341	5.65585e-07
342	5.59365e-07
343	5.51731e-07
344	5.45809e-07
345	5.39535e-07
346	5.30681e-07
347	5.24654e-07
348	5.17816e-07
349	5.07831e-07
350	5.02481e-07
351	4.96404e-07
352	4.87573e-07
353	4.82439e-07
354	4.78397e-07
355	4.7177e-07
356	4.66403e-07
357	4.63703e-07
358	4.60983e-07
359	4.55663e-07
360	4.53821e-07
361	4.5193e-07
362	9.97651e-07
363	9.96716e-07
364	9.92967e-07
365	9.82604e-07
366	9.79937e-07
367	9.72877e-07
368	9.59869e-07
369	9.50904e-07
370	9.39501e-07
371	9.21199e-07
372	9.10587e-07
373	8.94582e-07
374	8.69624e-07
375	8.53722e-07
376	8.38899e-07
377	8.15438e-07
378	7.96197e-07
379	7.83221e-07
380	7.59603e-07
381	7.44156e-07
382	7.30294e-07
383	7.06701e-07
384	6.9262e-07
385	6.80324e-07
386	6.57901e-07
387	6.48251e-07
388	6.38167e-07
389	6.18238e-07
390	6.06085e-07
391	6.03316e-07
392	5.8998e-07
393	5.8105e-07
394	5.72114e-07
395	5.64913e-07
396	5.62624e-07
397	5.61354e-07
398	5.51701e-07
399	5.53676e-07
400	5.51414e-07
401	5.37225e-07
402	5.34536e-07
403	5.31862e-07
404	5.1732e-07
405	5.10408e-07
406	5.04975e-07
407	4.87923e-07
408	4.80625e-07
409	4.72208e-07
410	4.52445e-07
411	4.4326e-07
412	9.84268e-07
413	9.4134e-07
414	9.18807e-07
415	8.9985e-07
416	8.58026e-07
417	8.35611e-07
418	8.18459e-07
419	7.76884e-07
420	7.59097e-07
421	7.39091e-07
422	6.96401e-07
423	6.81131e-07
424	6.62961e-07
425	6.28765e-07
426	6.16104e-07
427	5.99004e-07
428	5.65342e-07
429	5.5625e-07
430	5.51738e-07
431	5.17594e-07
432	5.03549e-07
433	5.01353e-07
434	4.78581e-07
435	4.63403e-07
436	4.63704e-07
437	4.42781e-07
438	9.80796e-07
439	9.72448e-07
440	9.55281e-07
441	9.28129e-07
442	9.33262e-07
443	8.94588e-07
444	8.83716e-07
445	8.89525e-07
446	8.61498e-07
447	8.3748e-07
448	8.57889e-07
449	8.43758e-07
450	7.97082e-07
451	8.11369e-07
452	8.05845e-07
453	7.75108e-07
454	7.78119e-07
455	7.89208e-07
456	7.58631e-07
457	7.73353e-07
458	7.78219e-07
459	7.31808e-07
460	7.37408e-07
461	7.39983e-07
462	7.02651e-07
463	6.95953e-07
464	7.23111e-07
465	6.70635e-07
466	6.40506e-07
467	6.48e-07
468	6.29669e-07
469	6.10512e-07
470	6.23823e-07
471	5.8047e-07
472	5.67855e-07
473	5.67486e-07
474	5.40858e-07
475	5.27396e-07
476	5.43714e-07
477	4.96646e-07
478	4.83166e-07
479	4.86701e-07
480	4.60344e-07
481	4.48492e-07
482	4.61863e-07
483	9.90374e-07
484	9.68249e-07
485	4.45268e-07
486	9.33633e-07
487	9.55679e-07
488	9.55259e-07
489	8.73599e-07
490	9.05733e-07
491	8.9927e-07
492	8.10397e-07
493	8.26041e-07
494	8.95538e-07
495	7.87989e-07
496	7.90099e-07
497	8.42637e-07
498	7.54951e-07
499	7.71338e-07
500	8.15532e-07
501	7.20646e-07
502	7.45649e-07
503	7.80796e-07
504	7.0595e-07
505	7.23558e-07
506	7.58043e-07
507	6.69366e-07
508	6.89253e-07
509	7.12202e-07
510	6.5314e-07
511	6.85959e-07
512	7.38928e-07
513	6.3969e-07
514	6.57927e-07
515	7.12763e-07
516	6.49464e-07
517	6.8664e-07
518	7.06726e-07
519	6.06262e-07
520	6.0533e-07
521	6.91199e-07
522	6.1598e-07
523	6.40379e-07
524	6.65812e-07
525	5.90065e-07
526	6.02684e-07
527	6.39902e-07
528	5.65735e-07
529	5.50649e-07
530	5.85257e-07
531	5.70098e-07
532	5.74628e-07
533	5.31073e-07
534	5.42807e-07
535	5.6549e-07
536	5.89261e-07
537	5.15089e-07
538	5.34398e-07
539	5.58402e-07
540	4.78671e-07
541	4.75e-07
542	4.9797e-07
543	4.77548e-07
544	5.10058e-07
545	4.6445e-07
546	4.64707e-07
547	4.78963e-07
548	4.88808e-07
549	9.87689e-07
550	4.44445e-07
551	4.60133e-07
552	9.42505e-07
553	9.53895e-07
554	5.00664e-07
555	9.61081e-07
556	9.74717e-07
557	4.78158e-07
558	8.8009e-07
559	9.31639e-07
560	4.46747e-07
561	8.19258e-07
562	8.39095e-07
563	8.89404e-07
564	8.44728e-07
565	9.32816e-07
566	9.73437e-07
567	8.74563e-07
568	8.32118e-07
569	9.69359e-07
570	7.56432e-07
571	7.92429e-07
572	8.81922e-07
573	7.23644e-07
574	7.22567e-07
575	7.40898e-07
576	7.29689e-07
577	8.04429e-07
578	8.21024e-07
579	7.45381e-07
580	8.06309e-07
581	8.41586e-07
582	6.93101e-07
583	7.59715e-07
584	8.41639e-07
585	6.73281e-07
586	6.62549e-07
587	6.96439e-07
588	6.85453e-07
589	7.49878e-07
590	7.76926e-07
591	7.07702e-07
592	7.30805e-07
593	8.26818e-07
594	6.81134e-07
595	6.95217e-07
596	8.20785e-07
597	6.8108e-07
598	6.71117e-07
599	7.84335e-07
600	6.65077e-07
601	6.34316e-07
602	8.39362e-07
603	6.34672e-07
604	6.37277e-07
605	7.52819e-07
606	6.48012e-07
607	6.13151e-07
608	7.67012e-07
609	6.30052e-07
610	6.67805e-07
611	7.35778e-07
612	6.23038e-07
613	5.55594e-07
614	6.96383e-07
615	5.65157e-07
616	5.69819e-07
617	5.92801e-07
618	5.71148e-07
619	5.33409e-07
620	5.76342e-07
621	5.27006e-07
622	5.16419e-07
623	5.53031e-07
624	4.8505e-07
625	4.54563e-07
626	6.04544e-07
627	4.48547e-07
628	4.97513e-07
629	5.51299e-07
630	4.74948e-07
631	9.83441e-07
632	5.60118e-07
633	4.30572e-07
634	4.30573e-07
635	5.07249e-07
636	4.56379e-07
637	9.53017e-07
638	5.37265e-07
639	4.41346e-07
640	4.38441e-07
641	5.09236e-07
642	4.68102e-07
643	9.68559e-07
644	5.44376e-07
645	4.53039e-07
646	4.43852e-07
647	5.13687e-07
648	4.77196e-07
649	9.7299e-07
650	5.42143e-07
651	4.54694e-07
652	4.3944e-07
653	5.06803e-07
654	4.71938e-07
655	9.5182e-07
656	5.31227e-07
657	4.44646e-07
658	4.27611e-07
659	4.93324e-07
660	4.59034e-07
661	9.17636e-07
662	5.16654e-07
663	4.29851e-07
664	9.75325e-07
665	4.91214e-07
666	4.44491e-07
667	8.63708e-07
668	5.05379e-07
669	9.87241e-07
670	9.48256e-07
671	4.76974e-07
672	4.26001e-07
673	8.35744e-07
674	4.95371e-07
675	9.5364e-07
676	9.21995e-07
677	4.68242e-07
678	9.91876e-07
679	8.2357e-07
680	4.85447e-07
681	9.1679e-07
682	9.03358e-07
683	4.61084e-07
684	9.69793e-07
685	8.03623e-07
686	4.77754e-07
687	8.94857e-07
688	8.78111e-07
689	4.48638e-07
690	9.42264e-07
691	7.72634e-07
692	9.94557e-07
693	8.72291e-07
694	8.89876e-07
695	9.33824e-07
696	8.89613e-07
697	7.85853e-07
698	9.35332e-07
699	7.75263e-07
700	8.4289e-07
701	8.96786e-07
702	8.25879e-07
703	7.05908e-07
704	8.87228e-07
705	7.19094e-07
706	7.64774e-07
707	8.36903e-07
708	7.66988e-07
709	6.34866e-07
710	8.25226e-07
711	6.59007e-07
712	5.84046e-07
713	7.6811e-07
714	7.13764e-07
715	5.53895e-07
716	7.41763e-07
717	6.15093e-07
718	5.40244e-07
719	7.14488e-07
720	6.61624e-07
721	4.38437e-07
722	6.96453e-07
723	4.17044e-07
724	4.75319e-07
725	5.93235e-07
726	4.77566e-07
727	9.4767e-07
728	5.95875e-07
729	4.08261e-07
730	7.37318e-07
