/*--------------------------------*- C++ -*----------------------------------*\
| =========                 |                                                 |
| \\      /  F ield         | OpenFOAM: The Open Source CFD Toolbox           |
|  \\    /   O peration     | Version:  5.x                                   |
|   \\  /    A nd           | Web:      www.OpenFOAM.org                      |
|    \\/     M anipulation  |                                                 |
\*---------------------------------------------------------------------------*/
FoamFile
{
    version     2.0;
    format      ascii;
    class       volScalarField;
    location    "200";
    object      p;
}
// * * * * * * * * * * * * * * * * * * * * * * * * * * * * * * * * * * * * * //

dimensions      [0 2 -2 0 0 0 0];

internalField   nonuniform List<scalar> 
11040
(
-0.00539434
-386.614
-512.973
-480.702
-422.178
-375.14
-340.76
-311.247
-269.955
-226.869
-188.422
-154.505
-123.856
-95.9631
-70.9939
-49.0496
-28.1695
-4.52269
19.7271
43.2577
66.1735
87.7999
107.64
126.23
144.043
161.165
176.244
189.447
201.687
213.267
224.258
234.766
244.92
254.845
264.626
274.348
284.012
293.997
303.71
315.426
322.533
155.494
-116.886
-287
-351.689
-359.321
-343.95
-322.507
-299.108
-264.476
-225.352
-188.376
-154.953
-124.495
-96.621
-71.488
-49.2002
-28.1219
-4.76781
19.2717
42.7249
65.6085
87.2077
107.047
125.639
143.413
160.466
175.585
188.875
201.179
212.807
223.839
234.384
244.567
254.516
264.318
274.057
283.732
293.736
303.417
315.357
321.883
230.622
10.2432
-177.626
-281.4
-314.609
-312.645
-298.477
-280.518
-253.244
-219.099
-184.493
-152.339
-122.728
-95.3829
-70.4531
-48.093
-27.0712
-4.23348
19.4863
42.7938
65.572
87.0943
106.882
125.428
143.111
160.054
175.202
188.563
200.901
212.551
223.604
234.166
244.364
254.324
264.133
273.876
283.546
293.55
303.191
315.233
321.63
272.861
109.533
-57.3276
-178.745
-241.051
-262.379
-262.878
-254.104
-235.561
-208.204
-177.601
-147.696
-119.505
-93.0717
-68.6076
-46.3402
-25.4371
-3.17574
20.0994
43.158
65.756
87.1371
106.822
125.281
142.838
159.633
174.778
188.198
200.565
212.235
223.307
233.886
244.094
254.061
263.87
273.607
283.261
293.237
302.823
314.791
321.052
296.401
177.72
44.1493
-75.0877
-157.016
-200.911
-218.158
-220.396
-211.311
-192.048
-166.934
-140.335
-114.247
-89.2141
-65.5759
-43.6512
-22.9914
-1.41393
21.2258
43.8851
66.2003
87.3598
106.879
125.199
142.586
159.185
174.288
187.757
200.154
211.837
222.924
233.512
243.724
253.685
263.481
273.192
282.803
292.705
302.189
313.862
319.819
308.668
221.883
120.131
16.4867
-69.8986
-128.909
-162.206
-177.306
-179.069
-169.263
-151.256
-129.327
-106.271
-83.2774
-60.9534
-39.7453
-19.5447
1.23177
23.0473
45.1317
67.0359
87.8745
107.145
125.256
142.416
158.764
173.772
187.264
199.678
211.362
222.448
233.033
243.232
253.17
262.929
272.582
282.111
291.87
301.182
312.314
317.925
313.86
249.134
173.324
90.4544
11.6019
-52.6037
-97.469
-124.842
-137.994
-138.603
-129.208
-113.514
-94.6944
-74.596
-54.2297
-34.2398
-14.8256
4.98797
25.7761
47.0701
68.3958
88.7849
107.701
125.514
142.379
158.416
173.26
186.729
199.135
210.796
221.859
232.418
242.58
252.465
262.151
271.701
281.091
290.618
299.661
310.026
315.315
314.807
265.462
208.928
145.48
79.9521
19.4698
-29.7981
-65.6799
-88.771
-99.596
-99.6295
-91.5711
-78.3717
-62.2687
-44.6987
-26.5862
-8.43625
10.1606
29.6955
49.9447
70.4698
90.2385
108.663
126.064
142.548
158.205
172.803
186.18
198.536
210.14
221.143
231.64
241.728
251.518
261.081
270.463
279.637
288.826
297.482
306.91
311.926
313.245
274.824
232.084
184.199
132.68
81.086
34.102
-4.83446
-34.3394
-53.4793
-62.4388
-62.6224
-56.1773
-45.2341
-31.4662
-16.0701
0.161009
17.1485
35.1497
54.061
73.5139
92.4502
110.213
127.057
143.045
158.235
172.489
185.679
197.916
209.408
220.3
230.684
240.645
250.28
259.652
268.788
277.651
286.389
294.544
302.947
307.747
310.289
279.81
246.903
210.631
171.146
129.76
89.1227
52.0868
20.6112
-3.47996
-19.3027
-27.0067
-27.6199
-22.6545
-13.6391
-1.86861
11.6587
26.482
42.5626
59.7861
77.8412
95.6817
112.575
128.687
144.038
158.651
172.444
185.325
197.344
208.646
219.355
229.555
239.316
248.723
257.822
266.62
275.074
283.259
290.82
298.209
302.818
306.664
282.096
256.294
228.471
198.353
166.186
133.16
101.036
71.3901
46.072
26.4723
13.295
6.53242
5.536
9.29284
16.7049
26.7579
38.7703
52.445
67.5676
83.8363
100.251
116.016
131.186
145.727
159.627
172.826
185.256
196.93
207.935
218.364
228.286
237.759
246.847
255.58
263.948
271.9
279.464
286.381
292.848
297.243
302.84
282.777
262.214
240.539
217.407
192.666
166.724
140.47
114.855
91.2543
70.9781
55.0523
44.0886
38.183
36.9771
39.814
45.8968
54.5349
65.3006
77.8773
91.9366
106.547
120.872
134.842
148.36
161.374
173.822
185.64
196.816
207.388
217.417
226.95
236.027
244.694
252.966
260.817
268.198
275.11
281.376
287.058
291.2
299.121
282.567
265.956
248.816
230.837
211.768
191.67
170.922
149.986
129.703
111.015
94.8501
82.0071
72.9907
67.9564
66.7337
68.8925
73.9247
81.4369
91.091
102.547
114.971
127.519
139.997
152.242
164.157
175.662
186.683
197.183
207.164
216.648
225.661
234.223
242.362
250.079
257.343
264.106
270.366
276.009
281.043
284.916
295.686
281.924
268.363
254.632
240.48
225.662
210.111
193.958
177.382
160.832
144.881
130.181
117.427
107.217
99.9558
95.8163
94.7199
96.4263
100.699
107.284
115.888
125.823
136.286
146.986
157.698
168.281
178.628
188.646
198.273
207.478
216.255
224.602
232.522
240.025
247.105
253.723
259.845
265.47
270.533
275.027
278.638
292.632
281.133
269.973
258.859
247.592
235.962
223.869
211.338
198.411
185.308
172.337
159.896
148.472
138.565
130.613
124.933
121.667
120.805
122.293
126.019
131.797
139.129
147.32
156.025
164.981
174.016
182.996
191.806
200.361
208.604
216.503
224.035
231.185
237.95
244.315
250.247
255.715
260.729
265.252
269.279
272.63
290.023
280.388
271.15
262.079
253.019
243.8
234.324
224.572
214.537
204.315
194.063
184.001
174.43
165.7
158.165
152.141
147.85
145.406
144.89
146.317
149.623
154.513
160.448
167.089
174.174
181.516
188.968
196.402
203.714
210.83
217.698
224.279
230.544
236.48
242.068
247.275
252.08
256.494
260.501
264.094
267.173
287.914
279.832
272.161
264.715
257.376
250.007
242.521
234.887
227.08
219.142
211.147
203.213
195.515
188.274
181.736
176.148
171.722
168.608
166.94
166.81
168.24
171.11
175.045
179.761
185.027
190.666
196.539
202.516
208.487
214.371
220.105
225.64
230.939
235.981
240.745
245.201
249.33
253.146
256.64
259.804
262.582
286.309
279.464
273.012
266.809
260.764
254.762
248.73
242.637
236.456
230.205
223.92
217.667
211.547
205.699
200.283
195.474
191.436
188.302
186.206
185.259
185.529
186.997
189.429
192.608
196.351
200.51
204.963
209.595
214.303
219.005
223.639
228.153
232.508
236.68
240.646
244.378
247.86
251.103
254.099
256.843
259.297
285.114
279.229
273.712
268.449
263.37
258.376
253.406
248.43
243.425
238.396
233.363
228.362
223.459
218.739
214.309
210.29
206.8
203.943
201.832
200.569
200.227
200.841
202.268
204.352
206.956
209.965
213.278
216.8
220.442
224.131
227.808
231.426
234.947
238.346
241.6
244.686
247.588
250.313
252.855
255.205
257.338
284.23
279.109
274.327
269.797
265.459
261.232
257.058
252.915
248.779
244.653
240.548
236.485
232.506
228.67
225.048
221.722
218.777
216.291
214.351
213.039
212.423
212.554
213.345
214.686
216.478
218.633
221.075
223.725
226.512
229.373
232.258
235.124
237.939
240.679
243.322
245.849
248.244
250.511
252.645
254.637
256.466
283.57
279.072
274.884
270.939
267.19
263.562
260.008
256.505
253.035
249.597
246.197
242.849
239.583
236.436
233.46
230.712
228.252
226.137
224.43
223.197
222.493
222.369
222.771
223.62
224.847
226.386
228.178
230.162
232.281
234.485
236.732
238.986
241.219
243.41
245.54
247.591
249.552
251.423
253.198
254.869
256.42
283.078
279.095
275.398
271.932
268.658
265.512
262.45
259.452
256.504
253.602
250.751
247.959
245.246
242.642
240.181
237.904
235.854
234.072
232.606
231.503
230.806
230.562
230.734
231.265
232.105
233.206
234.521
236.007
237.616
239.309
241.053
242.818
244.581
246.325
248.032
249.689
251.285
252.818
254.284
255.675
256.977
282.71
279.162
275.875
272.806
269.925
267.172
264.509
261.919
259.388
256.914
254.496
252.144
249.87
247.695
245.646
243.75
242.041
240.546
239.3
238.34
237.696
237.408
237.448
237.776
238.353
239.144
240.114
241.229
242.453
243.755
245.108
246.49
247.88
249.264
250.629
251.963
253.256
254.508
255.712
256.862
257.947
282.437
279.259
276.318
273.584
271.031
268.605
266.271
264.015
261.824
259.694
257.627
255.627
253.704
251.874
250.156
248.57
247.139
245.886
244.834
244.01
243.436
243.145
243.114
243.311
243.711
244.284
245.005
245.847
246.782
247.787
248.84
249.923
251.02
252.119
253.21
254.282
255.329
256.348
257.334
258.282
259.181
282.237
279.375
276.731
274.282
272.006
269.854
267.795
265.816
263.905
262.059
260.278
258.565
256.927
255.376
253.926
252.591
251.39
250.337
249.451
248.749
248.249
247.975
247.908
248.024
248.303
248.723
249.264
249.905
250.625
251.404
252.227
253.079
253.947
254.822
255.694
256.557
257.404
258.233
259.039
259.819
260.562
282.091
279.503
277.114
274.91
272.871
270.952
269.125
267.378
265.702
264.092
262.547
261.069
259.665
258.342
257.111
255.983
254.97
254.084
253.336
252.741
252.31
252.062
251.981
252.047
252.244
252.555
252.966
253.458
254.016
254.625
255.272
255.945
256.635
257.334
258.034
258.73
259.416
260.091
260.75
261.391
262.004
281.988
279.638
277.471
275.478
273.642
271.922
270.293
268.744
267.265
265.852
264.505
263.224
262.013
260.878
259.828
258.869
258.012
257.263
256.632
256.128
255.76
255.541
255.457
255.492
255.633
255.867
256.182
256.564
257.001
257.481
257.992
258.528
259.079
259.64
260.204
260.767
261.324
261.874
262.414
262.941
263.448
281.917
279.775
277.802
275.993
274.333
272.784
271.325
269.944
268.633
267.388
266.207
265.09
264.041
263.063
262.162
261.345
260.616
259.982
259.448
259.022
258.709
258.519
258.438
258.454
258.557
258.735
258.98
259.28
259.625
260.005
260.413
260.842
261.285
261.737
262.194
262.651
263.105
263.555
263.998
264.433
264.851
281.872
279.912
278.108
276.459
274.953
273.553
272.24
271.004
269.837
268.734
267.695
266.717
265.804
264.958
264.183
263.482
262.861
262.322
261.87
261.51
261.244
261.08
261.006
261.011
261.087
261.226
261.418
261.656
261.931
262.235
262.563
262.909
263.267
263.633
264.005
264.377
264.749
265.119
265.483
265.842
266.188
281.845
280.046
278.391
276.883
275.51
274.24
273.054
271.944
270.9
269.921
269.002
268.143
267.345
266.61
265.94
265.338
264.807
264.348
263.965
263.659
263.434
263.294
263.228
263.227
263.285
263.394
263.547
263.737
263.958
264.204
264.47
264.75
265.041
265.34
265.644
265.949
266.255
266.559
266.86
267.157
267.445
281.834
280.175
278.652
277.267
276.012
274.855
273.781
272.779
271.843
270.969
270.154
269.397
268.698
268.058
267.477
266.958
266.503
266.111
265.785
265.526
265.336
265.217
265.159
265.156
265.2
265.287
265.41
265.564
265.744
265.944
266.16
266.389
266.627
266.872
267.122
267.373
267.625
267.877
268.126
268.373
268.612
281.833
280.299
278.892
277.616
276.464
275.407
274.429
273.523
272.681
271.899
271.174
270.504
269.89
269.33
268.826
268.377
267.986
267.651
267.374
267.155
266.993
266.893
266.844
266.839
266.874
266.944
267.045
267.171
267.317
267.481
267.659
267.847
268.043
268.245
268.451
268.659
268.867
269.076
269.283
269.489
269.688
281.84
280.417
279.111
277.932
276.87
275.901
275.008
274.185
273.425
272.724
272.077
271.484
270.942
270.452
270.013
269.625
269.288
269.002
268.765
268.58
268.444
268.359
268.318
268.313
268.341
268.399
268.482
268.585
268.706
268.842
268.988
269.144
269.306
269.473
269.644
269.816
269.989
270.163
270.336
270.507
270.673
281.854
280.527
279.312
278.218
277.236
276.343
275.526
274.777
274.088
273.457
272.879
272.351
271.873
271.443
271.061
270.724
270.434
270.189
269.988
269.831
269.716
269.646
269.611
269.607
269.631
269.679
269.747
269.834
269.934
270.046
270.168
270.297
270.432
270.571
270.713
270.856
271.001
271.146
271.29
271.434
271.573
281.871
280.63
279.495
278.475
277.564
276.739
275.988
275.303
274.678
274.109
273.591
273.121
272.698
272.321
271.987
271.695
271.445
271.235
271.064
270.931
270.835
270.777
270.748
270.745
270.765
270.806
270.864
270.936
271.02
271.114
271.215
271.323
271.435
271.551
271.67
271.79
271.91
272.032
272.152
272.273
272.389
281.891
280.725
279.66
278.706
277.857
277.092
276.399
275.772
275.203
274.688
274.222
273.804
273.429
273.097
272.806
272.553
272.337
272.158
272.013
271.901
271.821
271.773
271.749
271.748
271.766
271.801
271.85
271.911
271.981
272.06
272.145
272.235
272.33
272.427
272.526
272.626
272.727
272.829
272.93
273.031
273.129
281.912
280.811
279.808
278.912
278.117
277.405
276.764
276.187
275.667
275.201
274.782
274.408
274.076
273.784
273.53
273.311
273.126
272.972
272.85
272.756
272.69
272.65
272.632
272.632
272.648
272.678
272.72
272.772
272.832
272.898
272.97
273.046
273.125
273.206
273.29
273.374
273.459
273.544
273.629
273.713
273.795
281.933
280.89
279.94
279.094
278.347
277.681
277.086
276.553
276.078
275.654
275.276
274.942
274.648
274.391
274.17
273.98
273.821
273.691
273.588
273.51
273.455
273.424
273.411
273.412
273.427
273.454
273.49
273.535
273.586
273.642
273.703
273.767
273.834
273.903
273.973
274.043
274.115
274.186
274.258
274.329
274.397
281.954
280.959
280.056
279.254
278.548
277.923
277.368
276.875
276.438
276.052
275.711
275.412
275.152
274.926
274.733
274.57
274.434
274.324
274.238
274.174
274.13
274.105
274.096
274.099
274.113
274.137
274.169
274.207
274.251
274.299
274.35
274.405
274.461
274.519
274.578
274.637
274.697
274.757
274.817
274.877
274.934
281.974
281.021
280.157
279.392
278.722
278.132
277.611
277.153
276.751
276.399
276.091
275.824
275.593
275.395
275.228
275.088
274.973
274.881
274.809
274.757
274.723
274.705
274.699
274.704
274.718
274.74
274.769
274.803
274.841
274.882
274.927
274.973
275.021
275.07
275.12
275.171
275.221
275.272
275.322
275.372
275.421
281.992
281.073
280.242
279.509
278.869
278.309
277.82
277.392
277.021
276.698
276.42
276.181
275.976
275.804
275.659
275.54
275.443
275.367
275.309
275.267
275.241
275.228
275.226
275.232
275.246
275.267
275.292
275.322
275.355
275.391
275.429
275.468
275.509
275.55
275.593
275.635
275.677
275.72
275.762
275.804
275.844
282.008
281.116
280.312
279.605
278.991
278.457
277.993
277.593
277.248
276.953
276.7
276.486
276.306
276.156
276.032
275.931
275.851
275.789
275.744
275.713
275.694
275.688
275.69
275.699
275.714
275.734
275.759
275.786
275.816
275.848
275.881
275.916
275.951
275.987
276.023
276.06
276.096
276.132
276.167
276.203
276.237
282.022
281.15
280.366
279.679
279.085
278.573
278.133
277.756
277.435
277.163
276.935
276.743
276.585
276.455
276.35
276.266
276.201
276.152
276.117
276.094
276.082
276.079
276.084
276.094
276.109
276.127
276.149
276.174
276.201
276.229
276.258
276.287
276.318
276.348
276.379
276.409
276.44
276.47
276.5
276.529
276.557
282.033
281.174
280.405
279.733
279.155
278.66
278.238
277.882
277.582
277.331
277.124
276.953
276.815
276.703
276.616
276.548
276.497
276.461
276.438
276.426
276.423
276.428
276.438
276.453
276.471
276.492
276.515
276.54
276.566
276.592
276.619
276.646
276.674
276.701
276.728
276.754
276.781
276.807
276.832
276.857
276.881
282.041
281.191
280.431
279.77
279.203
278.721
278.314
277.974
277.691
277.459
277.27
277.118
276.997
276.903
276.83
276.777
276.738
276.712
276.696
276.69
276.69
276.697
276.708
276.722
276.74
276.76
276.781
276.803
276.827
276.851
276.875
276.899
276.923
276.946
276.97
276.993
277.015
277.037
277.059
277.08
277.1
282.047
281.196
280.441
279.785
279.227
278.755
278.36
278.033
277.765
277.549
277.376
277.24
277.135
277.056
277
276.962
276.939
276.929
276.928
276.936
276.949
276.968
276.989
277.012
277.036
277.061
277.086
277.112
277.137
277.161
277.185
277.208
277.231
277.253
277.274
277.295
277.315
277.334
277.352
277.37
277.387
282.046
281.182
280.42
279.762
279.204
278.738
278.353
278.039
277.786
277.586
277.429
277.309
277.219
277.154
277.109
277.081
277.065
277.059
277.061
277.07
277.083
277.101
277.121
277.143
277.166
277.191
277.216
277.241
277.265
277.289
277.311
277.334
277.355
277.375
277.395
277.414
277.432
277.449
277.466
277.481
277.496
282.039
281.154
280.376
279.707
279.144
278.678
278.298
277.993
277.752
277.565
277.424
277.322
277.252
277.209
277.187
277.182
277.192
277.212
277.239
277.272
277.308
277.345
277.382
277.419
277.453
277.486
277.516
277.544
277.571
277.596
277.62
277.642
277.663
277.682
277.701
277.718
277.734
277.749
277.764
277.777
277.79
358.64
329.893
313.929
312.487
310.074
306.148
303.025
300.718
298.726
296.946
295.397
294.052
292.869
291.823
290.896
290.071
289.337
288.68
288.092
287.565
287.091
286.665
286.282
285.936
285.624
285.343
285.088
284.858
284.649
284.46
284.289
284.134
283.993
283.865
283.749
283.643
283.547
283.459
283.379
283.306
283.239
283.178
283.123
283.072
283.025
282.983
282.943
282.906
282.871
282.837
282.804
282.773
282.744
282.717
282.692
282.669
282.648
282.629
282.61
282.592
282.573
282.555
282.535
282.515
282.494
282.471
282.446
282.42
282.392
282.363
282.327
282.302
282.243
282.276
355.768
329.669
313.879
312.301
309.889
305.978
302.874
300.579
298.595
296.822
295.279
293.94
292.764
291.723
290.8
289.981
289.25
288.598
288.014
287.491
287.021
286.599
286.219
285.876
285.567
285.288
285.036
284.809
284.603
284.416
284.247
284.094
283.955
283.829
283.714
283.61
283.516
283.429
283.351
283.279
283.214
283.154
283.1
283.05
283.005
282.963
282.924
282.888
282.854
282.82
282.789
282.758
282.73
282.703
282.68
282.657
282.637
282.618
282.6
282.582
282.564
282.546
282.527
282.507
282.486
282.463
282.439
282.413
282.385
282.356
282.321
282.295
282.236
282.272
352.164
329.435
313.837
312.029
309.674
305.791
302.699
300.418
298.445
296.68
295.145
293.814
292.644
291.609
290.692
289.878
289.153
288.506
287.927
287.408
286.942
286.524
286.148
285.809
285.503
285.228
284.979
284.754
284.551
284.367
284.201
284.05
283.913
283.789
283.677
283.575
283.482
283.397
283.32
283.25
283.186
283.128
283.075
283.026
282.982
282.941
282.904
282.868
282.835
282.802
282.771
282.742
282.714
282.689
282.666
282.644
282.625
282.607
282.589
282.572
282.554
282.536
282.518
282.498
282.477
282.455
282.431
282.405
282.377
282.349
282.314
282.288
282.228
282.267
347.717
328.809
313.76
311.656
309.399
305.573
302.491
300.228
298.27
296.515
294.99
293.668
292.506
291.479
290.569
289.762
289.043
288.401
287.828
287.314
286.854
286.44
286.068
285.734
285.432
285.16
284.915
284.694
284.494
284.313
284.149
284.001
283.867
283.746
283.635
283.535
283.444
283.362
283.287
283.218
283.156
283.099
283.048
283
282.957
282.918
282.881
282.847
282.814
282.783
282.752
282.724
282.697
282.673
282.651
282.63
282.611
282.594
282.577
282.56
282.543
282.526
282.508
282.489
282.468
282.446
282.423
282.397
282.37
282.341
282.306
282.281
282.22
282.261
342.506
327.611
313.601
311.128
309
305.292
302.229
299.988
298.054
296.316
294.804
293.494
292.343
291.326
290.425
289.626
288.915
288.281
287.714
287.207
286.753
286.345
285.978
285.648
285.352
285.084
284.843
284.626
284.43
284.252
284.092
283.947
283.816
283.697
283.589
283.492
283.403
283.323
283.25
283.183
283.123
283.068
283.018
282.972
282.93
282.892
282.856
282.823
282.791
282.761
282.732
282.705
282.679
282.656
282.635
282.615
282.597
282.58
282.564
282.548
282.532
282.515
282.497
282.479
282.459
282.437
282.414
282.389
282.361
282.333
282.298
282.273
282.211
282.256
336.706
325.641
313.194
310.365
308.39
304.893
301.878
299.671
297.775
296.064
294.572
293.28
292.144
291.141
290.253
289.465
288.764
288.14
287.582
287.083
286.636
286.235
285.875
285.551
285.26
284.998
284.762
284.549
284.358
284.184
284.028
283.887
283.759
283.643
283.539
283.444
283.358
283.28
283.209
283.145
283.087
283.034
282.985
282.941
282.901
282.864
282.83
282.798
282.767
282.738
282.71
282.684
282.66
282.637
282.617
282.598
282.581
282.566
282.55
282.535
282.519
282.503
282.486
282.468
282.448
282.427
282.404
282.38
282.352
282.324
282.29
282.265
282.202
282.25
330.448
322.753
312.329
309.283
307.461
304.282
301.376
299.225
297.393
295.729
294.271
293.006
291.894
290.911
290.041
289.268
288.582
287.97
287.423
286.935
286.498
286.106
285.754
285.438
285.154
284.899
284.669
284.462
284.275
284.107
283.955
283.818
283.695
283.583
283.482
283.39
283.307
283.232
283.164
283.103
283.047
282.996
282.949
282.907
282.869
282.833
282.801
282.77
282.741
282.713
282.686
282.662
282.638
282.617
282.598
282.58
282.564
282.549
282.535
282.52
282.505
282.49
282.474
282.456
282.437
282.417
282.394
282.37
282.343
282.315
282.281
282.256
282.192
282.243
323.833
318.907
310.788
307.782
306.111
303.347
300.64
298.583
296.848
295.262
293.859
292.638
291.565
290.613
289.769
289.02
288.354
287.76
287.23
286.756
286.331
285.951
285.61
285.304
285.029
284.782
284.56
284.36
284.18
284.018
283.872
283.74
283.621
283.514
283.417
283.33
283.251
283.179
283.114
283.055
283.002
282.954
282.91
282.87
282.834
282.8
282.769
282.74
282.712
282.686
282.661
282.637
282.615
282.595
282.578
282.561
282.546
282.532
282.518
282.505
282.491
282.476
282.46
282.444
282.425
282.405
282.383
282.359
282.333
282.305
282.272
282.246
282.182
282.235
316.954
314.176
308.39
305.742
304.254
301.971
299.575
297.672
296.071
294.602
293.285
292.133
291.117
290.214
289.411
288.696
288.06
287.492
286.985
286.531
286.125
285.761
285.435
285.142
284.88
284.643
284.431
284.24
284.069
283.914
283.775
283.65
283.537
283.435
283.344
283.261
283.186
283.119
283.058
283.002
282.952
282.907
282.866
282.829
282.795
282.763
282.734
282.707
282.681
282.656
282.633
282.611
282.591
282.572
282.556
282.54
282.526
282.513
282.5
282.488
282.475
282.461
282.446
282.43
282.412
282.393
282.371
282.348
282.322
282.295
282.262
282.236
282.172
282.227
309.907
308.722
305.052
303.045
301.826
300.061
298.083
296.413
294.995
293.687
292.496
291.442
290.509
289.675
288.93
288.266
287.673
287.142
286.668
286.243
285.863
285.522
285.216
284.941
284.695
284.474
284.275
284.096
283.935
283.791
283.661
283.544
283.438
283.344
283.258
283.181
283.112
283.049
282.993
282.942
282.896
282.854
282.816
282.782
282.751
282.722
282.696
282.671
282.647
282.625
282.603
282.583
282.564
282.547
282.532
282.517
282.505
282.493
282.481
282.47
282.458
282.445
282.431
282.415
282.398
282.38
282.359
282.336
282.311
282.284
282.251
282.225
282.161
282.217
302.798
302.751
300.825
299.617
298.788
297.56
296.08
294.733
293.555
292.458
291.437
290.519
289.697
288.957
288.293
287.697
287.163
286.685
286.255
285.87
285.525
285.215
284.937
284.687
284.463
284.262
284.081
283.918
283.772
283.64
283.522
283.416
283.32
283.235
283.157
283.088
283.025
282.969
282.918
282.872
282.831
282.794
282.76
282.729
282.702
282.676
282.653
282.63
282.609
282.589
282.57
282.552
282.535
282.519
282.506
282.493
282.482
282.471
282.461
282.45
282.439
282.427
282.414
282.399
282.383
282.365
282.345
282.323
282.298
282.272
282.239
282.214
282.15
282.206
295.726
296.468
295.868
295.474
295.136
294.455
293.515
292.57
291.697
290.859
290.058
289.316
288.641
288.026
287.467
286.962
286.506
286.095
285.725
285.392
285.093
284.824
284.582
284.365
284.17
283.994
283.837
283.695
283.568
283.454
283.352
283.26
283.177
283.103
283.036
282.976
282.922
282.873
282.83
282.791
282.755
282.723
282.695
282.669
282.645
282.623
282.603
282.584
282.566
282.549
282.533
282.517
282.503
282.489
282.477
282.466
282.457
282.447
282.438
282.429
282.419
282.408
282.396
282.382
282.367
282.35
282.331
282.309
282.285
282.259
282.227
282.202
282.139
282.193
288.774
290.054
290.402
290.728
290.918
290.78
290.384
289.891
289.378
288.849
288.313
287.793
287.303
286.845
286.421
286.03
285.674
285.35
285.055
284.789
284.548
284.331
284.136
283.96
283.802
283.66
283.533
283.418
283.316
283.224
283.141
283.067
283.001
282.941
282.888
282.84
282.797
282.759
282.724
282.693
282.666
282.641
282.618
282.598
282.579
282.562
282.547
282.532
282.518
282.504
282.491
282.478
282.466
282.455
282.446
282.437
282.429
282.421
282.414
282.406
282.397
282.387
282.376
282.364
282.35
282.334
282.315
282.295
282.271
282.246
282.214
282.189
282.128
282.178
282.044
283.678
284.674
285.567
286.251
286.622
286.74
286.711
286.593
286.408
286.174
285.915
285.647
285.381
285.122
284.875
284.642
284.426
284.226
284.043
283.876
283.724
283.586
283.462
283.35
283.249
283.159
283.078
283.005
282.94
282.882
282.831
282.785
282.744
282.707
282.675
282.646
282.62
282.597
282.576
282.558
282.542
282.527
282.514
282.502
282.491
282.481
282.471
282.461
282.451
282.442
282.433
282.425
282.417
282.41
282.404
282.398
282.392
282.386
282.38
282.373
282.365
282.355
282.344
282.331
282.316
282.298
282.279
282.256
282.231
282.201
282.175
282.117
282.16
275.689
277.532
278.946
280.241
281.326
282.132
282.705
283.11
283.386
283.558
283.647
283.674
283.659
283.614
283.548
283.471
283.387
283.301
283.216
283.134
283.057
282.984
282.917
282.856
282.8
282.75
282.705
282.665
282.629
282.597
282.57
282.545
282.524
282.505
282.489
282.475
282.463
282.452
282.443
282.436
282.429
282.423
282.418
282.414
282.41
282.406
282.403
282.399
282.395
282.39
282.386
282.381
282.377
282.373
282.369
282.366
282.362
282.359
282.356
282.352
282.346
282.34
282.332
282.322
282.31
282.297
282.28
282.262
282.24
282.216
282.186
282.16
282.106
282.139
269.927
271.855
273.502
275.041
276.401
277.536
278.47
279.24
279.871
280.381
280.785
281.104
281.353
281.547
281.695
281.809
281.895
281.961
282.01
282.047
282.076
282.098
282.116
282.13
282.142
282.152
282.161
282.17
282.179
282.187
282.195
282.204
282.212
282.22
282.229
282.237
282.245
282.253
282.261
282.268
282.275
282.282
282.289
282.295
282.301
282.306
282.311
282.314
282.317
282.319
282.32
282.321
282.321
282.321
282.322
282.322
282.322
282.322
282.321
282.319
282.316
282.312
282.306
282.298
282.288
282.275
282.26
282.243
282.222
282.199
282.17
282.144
282.095
282.116
265.033
266.929
268.653
270.291
271.793
273.128
274.305
275.342
276.25
277.039
277.718
278.302
278.803
279.231
279.597
279.909
280.177
280.407
280.605
280.776
280.925
281.056
281.171
281.273
281.364
281.445
281.519
281.585
281.646
281.702
281.753
281.8
281.843
281.883
281.921
281.955
281.987
282.017
282.045
282.07
282.094
282.116
282.137
282.155
282.173
282.188
282.202
282.215
282.226
282.235
282.243
282.25
282.256
282.262
282.267
282.272
282.276
282.279
282.281
282.283
282.282
282.28
282.277
282.271
282.263
282.252
282.239
282.223
282.203
282.181
282.154
282.127
282.084
282.09
261.438
263.207
264.878
266.487
268.003
269.404
270.693
271.873
272.947
273.919
274.793
275.576
276.275
276.897
277.45
277.94
278.374
278.76
279.102
279.407
279.678
279.919
280.136
280.33
280.505
280.663
280.806
280.935
281.053
281.16
281.259
281.348
281.431
281.506
281.576
281.64
281.699
281.753
281.803
281.849
281.891
281.93
281.966
281.998
282.029
282.056
282.081
282.103
282.123
282.141
282.157
282.171
282.184
282.195
282.206
282.215
282.223
282.231
282.237
282.242
282.244
282.245
282.244
282.241
282.235
282.226
282.215
282.2
282.182
282.162
282.135
282.109
282.071
282.063
259.182
260.768
262.306
263.803
265.243
266.61
267.903
269.119
270.257
271.314
272.293
273.194
274.021
274.776
275.464
276.089
276.656
277.17
277.634
278.054
278.434
278.777
279.088
279.37
279.625
279.857
280.068
280.26
280.435
280.595
280.741
280.874
280.997
281.109
281.211
281.306
281.393
281.472
281.545
281.613
281.674
281.731
281.783
281.831
281.875
281.915
281.951
281.984
282.014
282.04
282.064
282.086
282.106
282.123
282.139
282.154
282.167
282.179
282.189
282.197
282.204
282.208
282.209
282.208
282.205
282.199
282.189
282.176
282.16
282.141
282.116
282.09
282.057
282.035
258.034
259.412
260.774
262.115
263.424
264.693
265.918
267.093
268.216
269.283
270.291
271.24
272.128
272.956
273.726
274.439
275.098
275.704
276.262
276.773
277.242
277.671
278.064
278.423
278.751
279.051
279.325
279.577
279.806
280.017
280.209
280.386
280.548
280.697
280.833
280.959
281.074
281.179
281.276
281.365
281.447
281.522
281.591
281.655
281.712
281.765
281.814
281.858
281.897
281.934
281.966
281.996
282.023
282.047
282.069
282.089
282.108
282.124
282.138
282.15
282.16
282.167
282.172
282.174
282.173
282.169
282.162
282.151
282.136
282.118
282.095
282.07
282.04
282.007
257.737
258.906
260.076
261.241
262.394
263.53
264.644
265.731
266.786
267.807
268.788
269.728
270.624
271.474
272.278
273.034
273.744
274.408
275.028
275.604
276.138
276.633
277.091
277.514
277.903
278.263
278.593
278.898
279.178
279.436
279.673
279.891
280.091
280.275
280.445
280.601
280.744
280.876
280.997
281.108
281.21
281.304
281.39
281.47
281.542
281.609
281.669
281.725
281.775
281.821
281.863
281.901
281.935
281.966
281.995
282.021
282.045
282.066
282.084
282.1
282.114
282.125
282.133
282.138
282.139
282.138
282.133
282.124
282.111
282.095
282.073
282.048
282.021
281.98
258.073
259.044
260.027
261.016
262.005
262.993
263.975
264.947
265.904
266.842
267.759
268.649
269.511
270.342
271.139
271.901
272.626
273.314
273.964
274.577
275.152
275.692
276.196
276.666
277.104
277.511
277.888
278.238
278.562
278.862
279.139
279.395
279.631
279.849
280.05
280.235
280.406
280.563
280.708
280.842
280.965
281.078
281.181
281.277
281.364
281.445
281.518
281.585
281.647
281.703
281.754
281.8
281.843
281.881
281.916
281.949
281.978
282.004
282.027
282.048
282.065
282.08
282.091
282.099
282.104
282.105
282.102
282.095
282.085
282.07
282.05
282.025
281.999
281.955
258.853
259.646
260.457
261.28
262.113
262.953
263.798
264.643
265.487
266.324
267.152
267.968
268.768
269.549
270.309
271.045
271.755
272.438
273.091
273.715
274.308
274.87
275.401
275.901
276.372
276.813
277.226
277.612
277.971
278.306
278.618
278.907
279.175
279.424
279.654
279.867
280.064
280.246
280.414
280.569
280.712
280.844
280.965
281.077
281.18
281.274
281.36
281.44
281.512
281.579
281.639
281.695
281.745
281.792
281.834
281.872
281.907
281.939
281.967
281.992
282.014
282.032
282.047
282.058
282.066
282.07
282.07
282.065
282.056
282.043
282.025
282.001
281.975
281.93
259.925
260.566
261.225
261.9
262.589
263.291
264.004
264.725
265.451
266.18
266.909
267.636
268.357
269.07
269.772
270.46
271.132
271.786
272.42
273.032
273.621
274.185
274.724
275.238
275.725
276.187
276.623
277.033
277.419
277.781
278.12
278.436
278.732
279.007
279.263
279.501
279.722
279.927
280.116
280.292
280.454
280.605
280.743
280.871
280.989
281.097
281.197
281.288
281.372
281.449
281.52
281.584
281.644
281.698
281.747
281.792
281.833
281.87
281.904
281.934
281.96
281.982
282.001
282.015
282.026
282.033
282.035
282.033
282.027
282.015
281.998
281.976
281.95
281.905
261.172
261.684
262.213
262.76
263.324
263.902
264.494
265.098
265.712
266.335
266.963
267.596
268.231
268.866
269.497
270.124
270.742
271.351
271.948
272.53
273.097
273.646
274.177
274.687
275.177
275.645
276.091
276.515
276.917
277.297
277.655
277.992
278.309
278.606
278.883
279.143
279.384
279.61
279.819
280.014
280.195
280.362
280.517
280.66
280.793
280.915
281.028
281.132
281.227
281.315
281.395
281.469
281.537
281.599
281.656
281.708
281.756
281.799
281.837
281.872
281.903
281.929
281.952
281.97
281.984
281.994
282
282
281.996
281.986
281.971
281.949
281.923
281.88
262.504
262.91
263.331
263.77
264.227
264.698
265.184
265.683
266.195
266.718
267.251
267.793
268.341
268.894
269.45
270.007
270.563
271.116
271.664
272.204
272.736
273.256
273.764
274.258
274.736
275.198
275.642
276.068
276.476
276.864
277.234
277.584
277.915
278.227
278.521
278.798
279.057
279.3
279.526
279.738
279.935
280.119
280.289
280.447
280.594
280.729
280.855
280.971
281.077
281.176
281.266
281.35
281.426
281.497
281.561
281.62
281.674
281.723
281.768
281.808
281.843
281.874
281.901
281.923
281.941
281.954
281.962
281.965
281.963
281.955
281.942
281.921
281.895
281.853
263.858
264.178
264.51
264.861
265.228
265.609
266.003
266.411
266.833
267.267
267.713
268.169
268.635
269.109
269.59
270.077
270.567
271.058
271.55
272.041
272.528
273.009
273.484
273.95
274.406
274.851
275.283
275.701
276.104
276.492
276.864
277.219
277.558
277.879
278.184
278.473
278.745
279.002
279.242
279.468
279.68
279.877
280.061
280.233
280.393
280.541
280.679
280.806
280.924
281.033
281.133
281.226
281.311
281.39
281.462
281.529
281.589
281.645
281.695
281.74
281.781
281.816
281.847
281.873
281.895
281.911
281.922
281.928
281.929
281.923
281.911
281.892
281.866
281.826
265.188
265.439
265.7
265.979
266.272
266.578
266.896
267.228
267.572
267.928
268.297
268.677
269.068
269.469
269.879
270.296
270.721
271.151
271.585
272.021
272.458
272.895
273.329
273.76
274.186
274.604
275.015
275.416
275.807
276.185
276.552
276.905
277.244
277.568
277.879
278.174
278.455
278.72
278.972
279.208
279.431
279.641
279.837
280.021
280.192
280.352
280.501
280.639
280.768
280.887
280.997
281.099
281.193
281.28
281.36
281.433
281.501
281.563
281.619
281.67
281.715
281.756
281.791
281.821
281.847
281.866
281.881
281.89
281.893
281.889
281.879
281.862
281.836
281.798
266.466
266.663
266.867
267.088
267.321
267.566
267.821
268.088
268.367
268.658
268.96
269.274
269.598
269.933
270.278
270.632
270.995
271.365
271.741
272.123
272.51
272.899
273.289
273.68
274.069
274.456
274.838
275.215
275.586
275.948
276.302
276.646
276.979
277.3
277.609
277.906
278.19
278.461
278.719
278.963
279.195
279.413
279.619
279.813
279.994
280.164
280.323
280.472
280.61
280.739
280.858
280.969
281.072
281.167
281.254
281.335
281.41
281.478
281.54
281.596
281.647
281.693
281.733
281.767
281.796
281.82
281.838
281.85
281.855
281.854
281.846
281.83
281.805
281.768
267.673
267.828
267.987
268.162
268.348
268.542
268.746
268.961
269.186
269.421
269.667
269.924
270.191
270.468
270.756
271.053
271.359
271.674
271.996
272.326
272.662
273.003
273.348
273.696
274.047
274.397
274.747
275.096
275.441
275.781
276.117
276.445
276.766
277.078
277.381
277.674
277.957
278.228
278.488
278.736
278.973
279.197
279.41
279.612
279.801
279.98
280.148
280.305
280.452
280.59
280.718
280.837
280.948
281.051
281.146
281.234
281.315
281.39
281.458
281.52
281.577
281.627
281.672
281.711
281.744
281.771
281.793
281.808
281.816
281.818
281.811
281.797
281.773
281.738
268.801
268.922
269.046
269.184
269.332
269.487
269.649
269.821
270.002
270.192
270.391
270.6
270.818
271.046
271.284
271.531
271.787
272.052
272.325
272.606
272.894
273.19
273.491
273.797
274.107
274.42
274.736
275.052
275.368
275.682
275.995
276.303
276.607
276.906
277.197
277.482
277.758
278.025
278.283
278.532
278.77
278.997
279.214
279.421
279.616
279.802
279.977
280.141
280.296
280.441
280.577
280.704
280.823
280.933
281.036
281.131
281.219
281.3
281.374
281.442
281.504
281.559
281.609
281.652
281.69
281.721
281.746
281.764
281.775
281.779
281.775
281.762
281.739
281.706
269.845
269.94
270.037
270.146
270.263
270.386
270.516
270.653
270.798
270.95
271.111
271.281
271.458
271.645
271.84
272.043
272.256
272.477
272.706
272.943
273.189
273.441
273.7
273.966
274.237
274.513
274.793
275.076
275.361
275.647
275.933
276.219
276.502
276.782
277.059
277.33
277.596
277.856
278.108
278.352
278.588
278.816
279.034
279.243
279.442
279.632
279.812
279.982
280.143
280.295
280.438
280.572
280.697
280.815
280.924
281.026
281.12
281.207
281.288
281.361
281.429
281.489
281.544
281.592
281.634
281.669
281.697
281.719
281.733
281.74
281.738
281.726
281.705
281.673
270.805
270.879
270.954
271.041
271.134
271.232
271.335
271.444
271.56
271.683
271.813
271.949
272.093
272.245
272.404
272.572
272.747
272.93
273.121
273.32
273.526
273.74
273.961
274.189
274.423
274.664
274.909
275.159
275.412
275.669
275.928
276.187
276.448
276.707
276.965
277.221
277.473
277.721
277.964
278.201
278.432
278.656
278.872
279.08
279.281
279.472
279.656
279.83
279.996
280.153
280.301
280.441
280.572
280.696
280.811
280.919
281.02
281.113
281.199
281.279
281.352
281.417
281.477
281.53
281.576
281.615
281.647
281.672
281.69
281.699
281.699
281.69
281.669
281.639
271.682
271.74
271.8
271.868
271.942
272.02
272.102
272.19
272.282
272.381
272.485
272.595
272.712
272.835
272.965
273.101
273.245
273.396
273.554
273.719
273.892
274.072
274.259
274.453
274.653
274.86
275.073
275.291
275.514
275.741
275.972
276.205
276.441
276.678
276.915
277.152
277.388
277.622
277.852
278.079
278.302
278.519
278.731
278.936
279.135
279.326
279.51
279.687
279.855
280.016
280.168
280.313
280.45
280.578
280.7
280.813
280.919
281.018
281.11
281.195
281.273
281.344
281.408
281.466
281.516
281.559
281.596
281.624
281.645
281.657
281.659
281.652
281.633
281.604
272.481
272.527
272.573
272.627
272.686
272.748
272.814
272.884
272.958
273.037
273.121
273.21
273.304
273.403
273.509
273.62
273.738
273.862
273.992
274.129
274.273
274.423
274.58
274.743
274.914
275.09
275.273
275.461
275.655
275.854
276.058
276.265
276.476
276.69
276.905
277.122
277.34
277.557
277.773
277.987
278.199
278.407
278.612
278.811
279.006
279.195
279.378
279.554
279.724
279.886
280.041
280.189
280.33
280.463
280.589
280.708
280.819
280.923
281.02
281.11
281.193
281.269
281.338
281.4
281.455
281.503
281.543
281.575
281.598
281.613
281.618
281.613
281.596
281.569
273.206
273.242
273.278
273.321
273.369
273.418
273.471
273.527
273.586
273.65
273.717
273.789
273.865
273.946
274.031
274.122
274.218
274.319
274.426
274.539
274.658
274.783
274.914
275.051
275.195
275.344
275.5
275.661
275.829
276.001
276.179
276.361
276.548
276.738
276.932
277.128
277.326
277.526
277.726
277.925
278.124
278.321
278.516
278.708
278.897
279.081
279.26
279.434
279.603
279.766
279.922
280.072
280.216
280.352
280.482
280.604
280.72
280.829
280.931
281.025
281.113
281.194
281.268
281.334
281.393
281.445
281.489
281.524
281.551
281.569
281.576
281.573
281.557
281.533
273.86
273.889
273.917
273.952
273.99
274.03
274.072
274.117
274.164
274.216
274.27
274.328
274.389
274.455
274.524
274.598
274.676
274.759
274.847
274.94
275.038
275.142
275.251
275.365
275.486
275.612
275.743
275.881
276.024
276.173
276.326
276.485
276.649
276.817
276.989
277.165
277.343
277.524
277.707
277.891
278.076
278.26
278.444
278.626
278.806
278.984
279.158
279.328
279.494
279.656
279.812
279.962
280.107
280.245
280.378
280.504
280.623
280.736
280.842
280.941
281.033
281.118
281.197
281.267
281.331
281.386
281.434
281.473
281.503
281.524
281.534
281.533
281.519
281.496
274.453
274.475
274.497
274.525
274.556
274.588
274.622
274.658
274.697
274.738
274.782
274.829
274.878
274.931
274.988
275.048
275.112
275.18
275.252
275.328
275.409
275.495
275.585
275.681
275.781
275.887
275.998
276.114
276.236
276.363
276.496
276.633
276.775
276.922
277.074
277.23
277.389
277.552
277.717
277.885
278.054
278.225
278.396
278.567
278.738
278.907
279.074
279.239
279.4
279.558
279.712
279.862
280.006
280.146
280.28
280.408
280.53
280.646
280.755
280.858
280.954
281.044
281.126
281.201
281.268
281.327
281.379
281.421
281.455
281.478
281.491
281.492
281.48
281.459
274.981
274.998
275.016
275.039
275.064
275.09
275.117
275.146
275.178
275.211
275.247
275.285
275.326
275.369
275.415
275.464
275.516
275.572
275.631
275.694
275.761
275.832
275.907
275.986
276.07
276.159
276.252
276.35
276.454
276.562
276.675
276.793
276.917
277.044
277.177
277.314
277.455
277.6
277.749
277.9
278.055
278.211
278.369
278.528
278.688
278.847
279.006
279.164
279.32
279.473
279.624
279.771
279.914
280.053
280.187
280.317
280.441
280.559
280.671
280.777
280.877
280.97
281.056
281.135
281.206
281.269
281.323
281.369
281.406
281.432
281.447
281.451
281.44
281.422
275.46
275.474
275.488
275.507
275.527
275.548
275.571
275.595
275.62
275.647
275.677
275.708
275.741
275.776
275.814
275.854
275.897
275.943
275.992
276.043
276.099
276.157
276.219
276.285
276.355
276.43
276.508
276.591
276.678
276.77
276.867
276.968
277.074
277.184
277.3
277.419
277.543
277.672
277.804
277.94
278.079
278.221
278.365
278.512
278.66
278.809
278.958
279.107
279.256
279.404
279.549
279.693
279.833
279.971
280.104
280.233
280.358
280.478
280.592
280.7
280.803
280.899
280.988
281.07
281.145
281.211
281.269
281.318
281.358
281.387
281.404
281.41
281.401
281.385
275.877
275.888
275.9
275.915
275.932
275.95
275.968
275.988
276.009
276.032
276.056
276.082
276.109
276.138
276.17
276.203
276.238
276.276
276.317
276.36
276.406
276.455
276.507
276.562
276.62
276.683
276.749
276.819
276.893
276.971
277.053
277.14
277.231
277.327
277.427
277.531
277.64
277.753
277.87
277.991
278.116
278.244
278.375
278.509
278.646
278.784
278.924
279.064
279.205
279.346
279.486
279.624
279.761
279.896
280.028
280.156
280.281
280.401
280.517
280.627
280.731
280.83
280.922
281.007
281.085
281.154
281.216
281.268
281.31
281.342
281.362
281.37
281.363
281.349
276.265
276.274
276.283
276.296
276.31
276.325
276.34
276.356
276.374
276.393
276.413
276.434
276.457
276.481
276.507
276.535
276.564
276.596
276.629
276.665
276.703
276.744
276.787
276.834
276.883
276.935
276.991
277.05
277.112
277.179
277.249
277.323
277.401
277.483
277.569
277.66
277.755
277.854
277.957
278.064
278.176
278.29
278.409
278.53
278.655
278.782
278.911
279.042
279.174
279.307
279.44
279.573
279.705
279.836
279.965
280.091
280.214
280.334
280.45
280.561
280.667
280.767
280.861
280.948
281.029
281.101
281.165
281.219
281.264
281.298
281.321
281.331
281.325
281.314
276.581
276.588
276.596
276.608
276.62
276.632
276.645
276.659
276.675
276.691
276.708
276.726
276.745
276.766
276.788
276.812
276.837
276.864
276.892
276.923
276.955
276.99
277.027
277.066
277.108
277.153
277.201
277.251
277.305
277.362
277.422
277.486
277.554
277.625
277.7
277.779
277.862
277.95
278.041
278.136
278.235
278.338
278.445
278.555
278.669
278.786
278.905
279.027
279.15
279.276
279.402
279.529
279.656
279.782
279.908
280.031
280.153
280.272
280.387
280.498
280.605
280.707
280.803
280.892
280.975
281.049
281.116
281.173
281.22
281.256
281.281
281.293
281.289
281.281
276.901
276.907
276.914
276.923
276.934
276.944
276.955
276.967
276.98
276.994
277.008
277.023
277.04
277.057
277.076
277.096
277.117
277.14
277.164
277.19
277.217
277.246
277.278
277.311
277.347
277.385
277.425
277.468
277.514
277.562
277.614
277.669
277.727
277.788
277.853
277.922
277.994
278.071
278.151
278.235
278.323
278.414
278.51
278.609
278.712
278.818
278.927
279.039
279.153
279.27
279.388
279.508
279.629
279.75
279.87
279.99
280.108
280.225
280.338
280.449
280.555
280.657
280.753
280.844
280.928
281.004
281.072
281.131
281.18
281.218
281.244
281.257
281.255
281.249
277.116
277.121
277.128
277.137
277.147
277.156
277.167
277.178
277.19
277.202
277.215
277.229
277.244
277.26
277.277
277.295
277.314
277.334
277.356
277.379
277.404
277.43
277.458
277.487
277.519
277.552
277.588
277.626
277.667
277.71
277.755
277.804
277.855
277.91
277.968
278.029
278.093
278.161
278.233
278.308
278.387
278.47
278.557
278.647
278.741
278.839
278.939
279.043
279.15
279.26
279.372
279.485
279.6
279.716
279.833
279.949
280.065
280.179
280.292
280.401
280.507
280.61
280.707
280.798
280.883
280.961
281.031
281.091
281.142
281.182
281.21
281.225
281.223
281.22
277.4
277.405
277.41
277.418
277.426
277.435
277.443
277.453
277.463
277.474
277.485
277.497
277.51
277.523
277.538
277.553
277.57
277.587
277.606
277.625
277.646
277.669
277.693
277.718
277.745
277.774
277.805
277.838
277.872
277.91
277.949
277.991
278.036
278.083
278.133
278.186
278.243
278.302
278.365
278.432
278.502
278.575
278.653
278.734
278.818
278.906
278.998
279.093
279.191
279.291
279.395
279.501
279.609
279.718
279.829
279.94
280.051
280.161
280.269
280.376
280.48
280.58
280.676
280.767
280.851
280.929
280.999
281.06
281.111
281.151
281.18
281.196
281.195
281.193
277.507
277.511
277.518
277.526
277.534
277.543
277.552
277.561
277.572
277.582
277.594
277.606
277.618
277.632
277.646
277.661
277.677
277.694
277.712
277.731
277.751
277.772
277.795
277.819
277.844
277.872
277.9
277.931
277.964
277.998
278.035
278.074
278.115
278.159
278.205
278.255
278.307
278.362
278.42
278.482
278.547
278.615
278.687
278.763
278.842
278.924
279.011
279.1
279.193
279.289
279.388
279.49
279.594
279.7
279.807
279.915
280.024
280.132
280.24
280.345
280.449
280.549
280.645
280.736
280.821
280.9
280.97
281.032
281.085
281.126
281.156
281.173
281.173
281.174
277.8
277.804
277.81
277.817
277.824
277.832
277.84
277.848
277.857
277.866
277.876
277.886
277.897
277.909
277.922
277.935
277.948
277.963
277.979
277.995
278.013
278.031
278.051
278.072
278.094
278.118
278.143
278.169
278.198
278.228
278.26
278.293
278.329
278.368
278.408
278.451
278.497
278.546
278.597
278.651
278.709
278.769
278.833
278.9
278.971
279.045
279.122
279.203
279.287
279.375
279.465
279.558
279.654
279.751
279.851
279.952
280.053
280.155
280.256
280.356
280.454
280.55
280.642
280.729
280.811
280.886
280.955
281.015
281.065
281.105
281.133
281.149
281.148
281.149
282.996
283.882
284.662
285.335
285.904
286.382
286.779
287.106
287.373
287.59
287.764
287.904
288.014
288.1
288.166
288.216
288.252
288.278
288.294
288.304
288.308
288.308
288.305
288.299
288.291
288.282
288.272
288.262
288.251
288.241
288.23
288.22
288.21
288.2
288.191
288.182
288.173
288.165
288.158
288.15
288.143
282.989
283.851
284.616
285.276
285.838
286.314
286.712
287.044
287.319
287.544
287.729
287.879
288
288.097
288.173
288.233
288.279
288.314
288.34
288.358
288.37
288.377
288.379
288.379
288.376
288.371
288.364
288.357
288.348
288.339
288.33
288.32
288.311
288.301
288.291
288.282
288.272
288.263
288.255
288.246
288.238
282.986
283.834
284.591
285.245
285.805
286.283
286.687
287.027
287.312
287.549
287.745
287.906
288.038
288.146
288.232
288.301
288.354
288.396
288.427
288.449
288.465
288.474
288.478
288.478
288.476
288.471
288.464
288.456
288.447
288.437
288.426
288.415
288.404
288.392
288.381
288.37
288.359
288.348
288.337
288.327
288.317
282.991
283.838
284.598
285.254
285.818
286.302
286.714
287.063
287.358
287.606
287.813
287.985
288.127
288.245
288.341
288.418
288.48
288.529
288.567
288.595
288.616
288.629
288.638
288.641
288.641
288.638
288.633
288.626
288.617
288.607
288.596
288.584
288.572
288.56
288.547
288.535
288.522
288.509
288.497
288.484
288.472
283
283.853
284.622
285.285
285.856
286.349
286.77
287.13
287.436
287.696
287.915
288.1
288.255
288.383
288.49
288.578
288.649
288.706
288.751
288.785
288.81
288.827
288.838
288.843
288.844
288.842
288.836
288.828
288.818
288.807
288.794
288.781
288.767
288.752
288.737
288.722
288.706
288.691
288.675
288.66
288.645
283.012
283.877
284.659
285.332
285.914
286.418
286.852
287.226
287.547
287.821
288.055
288.254
288.422
288.564
288.683
288.781
288.863
288.928
288.981
289.021
289.052
289.073
289.087
289.094
289.097
289.095
289.09
289.081
289.071
289.058
289.044
289.028
289.012
288.995
288.977
288.959
288.941
288.922
288.904
288.885
288.868
283.029
283.911
284.711
285.398
285.995
286.515
286.965
287.355
287.693
287.984
288.234
288.449
288.633
288.789
288.921
289.032
289.123
289.199
289.259
289.307
289.342
289.367
289.384
289.393
289.397
289.395
289.389
289.379
289.367
289.352
289.335
289.317
289.298
289.277
289.256
289.235
289.213
289.19
289.168
289.146
289.124
283.05
283.956
284.781
285.487
286.103
286.641
287.111
287.52
287.876
288.186
288.455
288.687
288.887
289.059
289.206
289.329
289.433
289.518
289.588
289.642
289.684
289.712
289.732
289.743
289.747
289.745
289.738
289.727
289.712
289.695
289.675
289.654
289.631
289.606
289.581
289.556
289.529
289.503
289.476
289.449
289.424
283.077
284.013
284.868
285.598
286.236
286.797
287.289
287.72
288.097
288.428
288.717
288.969
289.188
289.377
289.539
289.677
289.793
289.89
289.968
290.031
290.078
290.111
290.133
290.146
290.15
290.148
290.139
290.126
290.108
290.087
290.064
290.038
290.01
289.982
289.952
289.921
289.889
289.858
289.826
289.794
289.763
283.111
284.083
284.973
285.732
286.398
286.985
287.502
287.957
288.359
288.713
289.025
289.298
289.537
289.745
289.924
290.078
290.208
290.317
290.405
290.476
290.529
290.567
290.591
290.605
290.61
290.606
290.595
290.578
290.557
290.532
290.504
290.473
290.44
290.406
290.37
290.333
290.296
290.258
290.22
290.182
290.145
283.152
284.167
285.099
285.891
286.589
287.206
287.751
288.235
288.664
289.044
289.381
289.678
289.939
290.168
290.366
290.536
290.682
290.803
290.903
290.982
291.042
291.083
291.11
291.125
291.129
291.123
291.109
291.088
291.063
291.032
290.998
290.961
290.922
290.881
290.838
290.795
290.751
290.706
290.661
290.615
290.572
283.202
284.267
285.246
286.078
286.811
287.463
288.041
288.556
289.015
289.425
289.789
290.112
290.398
290.649
290.868
291.057
291.219
291.354
291.465
291.553
291.62
291.666
291.695
291.71
291.712
291.703
291.685
291.66
291.628
291.592
291.551
291.506
291.459
291.41
291.36
291.308
291.255
291.202
291.149
291.096
291.044
283.262
284.384
285.418
286.294
287.069
287.76
288.375
288.925
289.418
289.859
290.254
290.607
290.919
291.195
291.437
291.646
291.825
291.976
292.099
292.197
292.271
292.32
292.351
292.365
292.365
292.352
292.329
292.297
292.259
292.214
292.164
292.111
292.055
291.997
291.936
291.875
291.813
291.75
291.687
291.624
291.564
283.333
284.521
285.616
286.544
287.366
288.1
288.756
289.346
289.876
290.354
290.783
291.167
291.509
291.813
292.079
292.31
292.509
292.676
292.813
292.921
293.001
293.054
293.085
293.098
293.094
293.076
293.046
293.006
292.958
292.903
292.844
292.78
292.712
292.643
292.571
292.498
292.425
292.351
292.277
292.203
292.132
283.419
284.68
285.845
286.831
287.705
288.489
289.192
289.825
290.398
290.915
291.382
291.801
292.177
292.51
292.804
293.059
293.279
293.463
293.614
293.732
293.819
293.875
293.906
293.915
293.906
293.88
293.841
293.791
293.731
293.665
293.592
293.515
293.435
293.351
293.266
293.18
293.093
293.006
292.919
292.832
292.748
283.521
284.866
286.109
287.159
288.094
288.933
289.688
290.371
290.99
291.552
292.06
292.519
292.931
293.297
293.621
293.903
294.145
294.348
294.513
294.642
294.735
294.792
294.821
294.826
294.808
294.772
294.721
294.658
294.584
294.503
294.415
294.322
294.225
294.125
294.024
293.922
293.819
293.716
293.614
293.512
293.414
283.643
285.082
286.412
287.536
288.538
289.439
290.253
290.99
291.662
292.273
292.829
293.331
293.783
294.186
294.543
294.853
295.12
295.343
295.524
295.662
295.76
295.817
295.842
295.838
295.81
295.761
295.694
295.613
295.522
295.421
295.314
295.202
295.086
294.967
294.846
294.725
294.604
294.482
294.362
294.243
294.128
283.788
285.333
286.762
287.969
289.045
290.017
290.896
291.696
292.426
293.093
293.7
294.251
294.748
295.192
295.585
295.927
296.22
296.464
296.659
296.807
296.909
296.963
296.98
296.964
296.92
296.853
296.766
296.664
296.549
296.426
296.295
296.159
296.019
295.876
295.733
295.589
295.445
295.302
295.161
295.022
294.887
283.963
285.626
287.165
288.465
289.627
290.677
291.63
292.5
293.296
294.025
294.691
295.297
295.843
296.333
296.765
297.142
297.463
297.728
297.939
298.094
298.196
298.244
298.248
298.215
298.15
298.058
297.945
297.814
297.671
297.518
297.358
297.193
297.024
296.853
296.682
296.511
296.341
296.173
296.007
295.844
295.687
284.172
285.969
287.632
289.037
290.295
291.434
292.47
293.419
294.289
295.089
295.821
296.488
297.091
297.63
298.107
298.52
298.871
299.159
299.383
299.543
299.641
299.676
299.661
299.603
299.509
299.385
299.237
299.07
298.891
298.701
298.504
298.303
298.099
297.894
297.689
297.486
297.285
297.087
296.893
296.702
296.519
284.424
286.371
288.174
289.698
291.064
292.305
293.435
294.473
295.428
296.308
297.115
297.85
298.516
299.112
299.636
300.09
300.472
300.781
301.017
301.178
301.265
301.279
301.235
301.142
301.008
300.841
300.647
300.435
300.208
299.972
299.73
299.484
299.237
298.991
298.746
298.505
298.268
298.035
297.807
297.585
297.372
284.727
286.845
288.806
290.465
291.955
293.31
294.548
295.688
296.74
297.711
298.603
299.417
300.154
300.812
301.389
301.886
302.3
302.629
302.871
303.025
303.092
303.074
302.988
302.846
302.658
302.432
302.179
301.906
301.621
301.327
301.028
300.728
300.428
300.132
299.84
299.554
299.274
299.001
298.735
298.477
298.23
285.095
287.406
289.547
291.36
292.99
294.477
295.84
297.096
298.26
299.335
300.324
301.228
302.045
302.773
303.408
303.95
304.395
304.74
304.981
305.118
305.15
305.082
304.936
304.725
304.463
304.161
303.829
303.479
303.118
302.751
302.382
302.015
301.653
301.297
300.949
300.611
300.282
299.962
299.653
299.354
299.07
285.542
288.074
290.42
292.41
294.203
295.842
297.347
298.74
300.032
301.228
302.33
303.335
304.243
305.049
305.748
306.335
306.809
307.162
307.39
307.493
307.47
307.327
307.094
306.788
306.426
306.021
305.588
305.138
304.681
304.223
303.768
303.32
302.883
302.456
302.043
301.644
301.26
300.889
300.531
300.188
299.863
286.088
288.876
291.457
293.652
295.633
297.448
299.12
300.672
302.114
303.452
304.684
305.808
306.819
307.711
308.476
309.109
309.603
309.952
310.148
310.191
310.081
309.83
309.474
309.036
308.539
307.998
307.433
306.856
306.278
305.707
305.147
304.602
304.075
303.567
303.08
302.613
302.167
301.739
301.331
300.941
300.573
286.761
289.845
292.698
295.132
297.334
299.357
301.226
302.965
304.584
306.089
307.474
308.734
309.863
310.849
311.682
312.354
312.856
313.177
313.311
313.255
313.012
312.602
312.074
311.456
310.777
310.059
309.323
308.585
307.857
307.148
306.462
305.803
305.173
304.572
304.002
303.461
302.949
302.464
302.003
301.566
301.157
287.596
291.026
294.199
296.916
299.379
301.649
303.753
305.715
307.547
309.25
310.815
312.233
313.494
314.581
315.479
316.175
316.658
316.916
316.938
316.725
316.283
315.645
314.875
314.014
313.095
312.146
311.193
310.254
309.343
308.467
307.633
306.842
306.096
305.394
304.736
304.119
303.542
302.999
302.489
302.011
301.566
288.64
292.483
296.035
299.09
301.868
304.435
306.824
309.059
311.147
313.087
314.866
316.467
317.874
319.062
320.009
320.7
321.119
321.25
321.085
320.627
319.89
318.927
317.827
316.64
315.408
314.166
312.942
311.758
310.627
309.558
308.554
307.617
306.746
305.938
305.191
304.502
303.865
303.275
302.727
302.218
301.75
289.962
294.303
298.311
301.779
304.942
307.876
310.616
313.186
315.589
317.818
319.85
321.66
323.219
324.495
325.456
326.082
326.355
326.257
325.786
324.954
323.786
322.369
320.825
319.212
317.583
315.977
314.426
312.951
311.566
310.277
309.087
307.994
306.996
306.087
305.261
304.512
303.833
303.214
302.649
302.132
301.662
291.656
296.61
301.181
305.162
308.807
312.203
315.385
318.376
321.172
323.753
326.083
328.12
329.823
331.143
332.039
332.488
332.472
331.98
331.021
329.627
327.847
325.814
323.688
321.539
319.423
317.383
315.45
313.645
311.978
310.452
309.067
307.82
306.704
305.708
304.824
304.043
303.353
302.74
302.194
301.705
301.27
293.865
299.595
304.878
309.515
313.782
317.773
321.528
325.059
328.349
331.36
334.028
336.29
338.081
339.336
340.003
340.066
339.519
338.37
336.657
334.447
331.824
328.985
326.136
323.342
320.66
318.128
315.773
313.611
311.646
309.879
308.305
306.918
305.706
304.656
303.754
302.986
302.335
301.783
301.312
300.91
300.565
296.774
303.5
309.712
315.212
320.299
325.078
329.585
333.816
337.726
341.239
344.252
346.664
348.383
349.325
349.448
348.76
347.293
345.102
342.281
338.951
335.244
331.43
327.749
324.245
320.958
317.913
315.129
312.61
310.354
308.359
306.619
305.122
303.855
302.799
301.938
301.251
300.715
300.304
299.994
299.762
299.59
300.541
308.503
315.908
322.517
328.667
334.464
339.931
345.026
349.651
353.666
356.905
359.221
360.497
360.66
359.715
357.743
354.859
351.201
346.945
342.278
337.37
332.553
328.067
323.903
320.068
316.567
313.403
310.569
308.06
305.874
304.005
302.443
301.172
300.172
299.423
298.9
298.571
298.403
298.361
298.41
298.512
305.15
314.604
323.459
331.426
338.882
345.922
352.533
358.599
363.925
368.274
371.398
373.117
373.338
372.06
369.412
365.614
360.902
355.524
349.737
343.772
337.8
332.166
327.065
322.413
318.175
314.331
310.872
307.785
305.07
302.731
300.769
299.177
297.942
297.045
296.466
296.175
296.136
296.306
296.637
297.078
297.56
310.628
321.911
332.553
342.2
351.268
359.814
367.738
374.788
380.614
384.847
387.182
387.487
385.793
382.295
377.334
371.315
364.6
357.525
350.387
343.404
336.69
330.543
325.08
320.138
315.643
311.558
307.87
304.57
301.672
299.197
297.157
295.551
294.371
293.604
293.231
293.224
293.542
294.137
294.945
295.896
296.876
317.025
330.571
343.439
355.177
366.228
376.554
385.875
393.701
399.466
402.702
403.175
400.977
396.441
390.072
382.468
374.184
365.646
357.21
349.142
341.575
334.512
328.165
322.565
317.494
312.85
308.587
304.696
301.19
298.108
295.496
293.378
291.759
290.635
290.002
289.848
290.152
290.873
291.963
293.345
294.929
296.537
324.407
340.781
356.439
370.788
384.244
396.56
407.113
415.055
419.634
420.472
417.703
411.913
403.878
394.432
384.341
374.175
364.313
355.057
346.579
338.871
331.801
325.49
319.911
314.811
310.076
305.658
301.563
297.834
294.555
291.801
289.601
287.959
286.88
286.37
286.428
287.044
288.186
289.816
291.852
294.194
296.575
332.822
352.777
371.958
389.552
405.822
420.09
431.164
437.827
439.413
436.103
428.819
418.821
407.281
395.181
383.232
371.85
361.291
351.78
343.357
335.844
328.99
322.854
317.378
312.299
307.495
302.922
298.599
294.62
291.133
288.238
285.953
284.279
283.228
282.819
283.063
283.968
285.518
287.704
290.442
293.661
296.965
342.283
366.83
390.48
412.046
431.348
446.926
456.885
459.974
456.337
447.372
435.038
421.108
406.817
392.969
379.998
368.079
357.372
348.054
340.009
332.881
326.347
320.442
315.102
310.061
305.193
300.451
295.867
291.612
287.918
284.894
282.527
280.812
279.77
279.435
279.831
280.984
282.904
285.626
289.071
293.277
297.627
352.769
383.275
412.592
438.814
460.792
475.92
481.925
478.576
467.881
452.824
436.084
419.369
403.518
388.913
375.632
363.661
353.184
344.359
336.865
330.189
323.997
318.333
313.131
308.13
303.196
298.27
293.389
288.84
284.957
281.824
279.381
277.617
276.571
276.284
276.792
278.146
280.376
283.586
287.69
292.974
298.421
364.216
402.563
439.006
470.173
493.226
504.551
502.903
490.749
472.623
452.558
433.017
414.999
398.707
384.077
370.908
359.141
349.13
340.974
334.084
327.846
321.974
316.536
311.463
306.497
301.496
296.374
291.163
286.317
282.277
279.06
276.545
274.73
273.668
273.406
273.991
275.496
277.97
281.598
286.268
292.681
299.16
376.491
425.32
470.436
505.678
526.177
528.996
516.456
495.028
471.048
448.132
427.584
409.468
393.453
379.175
366.277
354.824
345.431
338.024
331.707
325.854
320.268
315.029
310.07
305.136
300.072
294.745
289.173
284.045
279.889
276.609
274.029
272.162
271.077
270.823
271.454
273.066
275.722
279.684
284.8
292.327
299.644
389.384
452.436
507.207
543.365
555.539
545.316
520.933
492.252
465.228
441.621
421.345
403.801
388.383
374.573
361.951
350.858
342.191
335.534
329.713
324.184
318.845
313.78
308.918
304.014
298.892
293.355
287.401
282.022
277.793
274.466
271.825
269.91
268.799
268.54
269.196
270.879
273.664
277.876
283.318
291.847
299.714
402.601
484.998
548.521
579.351
576.805
551.388
517.341
484.976
457.565
434.641
415.235
398.508
383.77
370.411
358.011
347.309
339.435
333.476
328.058
322.796
317.667
312.748
307.971
303.094
297.922
292.175
285.829
280.241
275.976
272.613
269.917
267.958
266.818
266.546
267.21
268.936
271.81
276.192
281.863
291.179
299.302
415.847
523.84
591.463
608.354
586.923
547.977
508.57
475.915
449.724
428.034
409.665
393.794
379.714
366.736
354.491
344.208
337.152
331.796
326.7
321.659
316.703
311.904
307.197
302.347
297.136
291.183
284.45
278.699
274.423
271.033
268.294
266.302
265.138
264.851
265.516
267.27
270.207
274.698
280.524
290.321
298.515
428.666
568.206
630.533
625.613
585.751
538.24
497.886
466.973
442.503
422.098
404.743
389.675
376.186
363.498
351.355
341.527
335.263
330.384
325.541
320.695
315.893
311.197
306.551
301.727
296.486
290.336
283.241
277.38
273.107
269.682
266.9
264.877
263.691
263.388
264.05
265.819
268.801
273.359
279.292
289.199
297.486
437.693
617.345
661.851
630.281
576.192
526.296
488.32
459.88
436.933
417.59
401.076
386.644
373.586
361.027
348.888
339.537
334.033
329.476
324.76
320.024
315.316
310.694
306.094
301.289
296.021
289.677
282.248
276.346
272.129
268.7
265.897
263.86
262.662
262.352
263.017
264.801
267.812
272.406
278.421
288.077
296.198
447.037
661.582
676.978
620.119
554.946
506.314
473.243
448.76
428.281
410.672
395.477
382.054
369.712
357.475
345.438
336.653
332.076
328.051
323.623
319.086
314.523
309.994
305.464
300.702
295.435
288.933
281.158
275.144
270.939
267.506
264.688
262.64
261.436
261.12
261.791
263.6
266.657
271.287
277.477
286.962
294.654
288.138
288.134
288.13
288.127
288.122
288.118
288.113
288.108
288.103
288.097
288.091
288.085
288.078
288.07
288.062
288.054
288.045
288.035
288.024
288.013
288.001
287.987
287.973
287.958
287.942
287.924
287.905
287.884
287.862
287.838
287.812
287.784
287.753
287.721
287.685
287.647
287.606
287.561
287.513
287.462
287.406
287.346
287.282
287.213
287.139
287.06
286.976
286.886
286.79
286.689
286.581
286.468
286.35
286.225
286.095
285.961
285.821
285.677
285.53
285.38
285.228
285.075
284.922
284.769
284.618
284.471
284.327
284.188
284.056
283.93
283.812
283.702
283.607
283.496
288.231
288.228
288.225
288.22
288.215
288.21
288.204
288.199
288.192
288.186
288.179
288.171
288.163
288.155
288.145
288.135
288.125
288.114
288.102
288.089
288.075
288.06
288.044
288.026
288.008
287.988
287.966
287.943
287.918
287.891
287.862
287.831
287.797
287.761
287.722
287.68
287.635
287.586
287.534
287.478
287.418
287.354
287.285
287.212
287.133
287.05
286.962
286.868
286.768
286.664
286.554
286.438
286.317
286.191
286.06
285.925
285.785
285.642
285.496
285.348
285.197
285.047
284.896
284.746
284.598
284.453
284.312
284.176
284.046
283.922
283.807
283.696
283.608
283.481
288.309
288.306
288.302
288.297
288.292
288.287
288.281
288.275
288.269
288.262
288.254
288.246
288.238
288.229
288.219
288.209
288.197
288.185
288.172
288.158
288.143
288.127
288.11
288.091
288.071
288.05
288.027
288.002
287.975
287.946
287.914
287.881
287.845
287.806
287.764
287.719
287.671
287.619
287.563
287.504
287.44
287.372
287.3
287.222
287.14
287.053
286.961
286.863
286.761
286.653
286.539
286.421
286.298
286.17
286.037
285.9
285.76
285.616
285.47
285.322
285.172
285.022
284.872
284.723
284.576
284.432
284.292
284.157
284.028
283.904
283.79
283.68
283.593
283.46
288.462
288.459
288.455
288.45
288.444
288.438
288.432
288.426
288.419
288.411
288.403
288.394
288.385
288.375
288.364
288.352
288.34
288.326
288.312
288.296
288.279
288.261
288.242
288.221
288.198
288.174
288.148
288.12
288.089
288.057
288.022
287.984
287.943
287.899
287.853
287.802
287.748
287.691
287.629
287.563
287.493
287.418
287.339
287.254
287.165
287.071
286.972
286.867
286.758
286.643
286.524
286.4
286.271
286.138
286.002
285.862
285.718
285.573
285.425
285.276
285.126
284.976
284.827
284.68
284.534
284.393
284.255
284.122
283.995
283.874
283.762
283.653
283.567
283.445
288.633
288.629
288.626
288.62
288.614
288.607
288.601
288.593
288.585
288.577
288.568
288.558
288.548
288.537
288.525
288.512
288.498
288.483
288.466
288.449
288.43
288.41
288.388
288.364
288.339
288.311
288.282
288.25
288.215
288.179
288.139
288.096
288.05
288.001
287.948
287.892
287.832
287.767
287.698
287.625
287.547
287.465
287.377
287.285
287.188
287.086
286.979
286.866
286.75
286.628
286.502
286.371
286.237
286.099
285.958
285.814
285.668
285.52
285.37
285.22
285.071
284.921
284.773
284.627
284.484
284.345
284.209
284.079
283.955
283.836
283.727
283.622
283.535
283.435
288.852
288.849
288.845
288.838
288.831
288.824
288.817
288.808
288.8
288.79
288.78
288.769
288.757
288.744
288.73
288.716
288.699
288.682
288.663
288.643
288.622
288.598
288.573
288.545
288.516
288.484
288.45
288.413
288.374
288.331
288.285
288.236
288.184
288.127
288.067
288.002
287.934
287.861
287.783
287.701
287.613
287.521
287.424
287.322
287.215
287.103
286.986
286.865
286.739
286.609
286.475
286.337
286.197
286.053
285.907
285.758
285.609
285.458
285.307
285.156
285.006
284.858
284.711
284.567
284.426
284.289
284.156
284.029
283.908
283.793
283.686
283.586
283.498
283.42
289.106
289.101
289.097
289.09
289.082
289.074
289.065
289.056
289.045
289.034
289.023
289.01
288.996
288.981
288.965
288.948
288.929
288.909
288.887
288.863
288.838
288.811
288.781
288.749
288.715
288.678
288.638
288.595
288.549
288.499
288.446
288.389
288.328
288.263
288.194
288.12
288.042
287.959
287.87
287.777
287.679
287.576
287.468
287.355
287.237
287.114
286.987
286.856
286.72
286.581
286.439
286.294
286.146
285.997
285.845
285.693
285.54
285.387
285.235
285.084
284.934
284.786
284.641
284.499
284.361
284.226
284.097
283.973
283.855
283.744
283.64
283.545
283.459
283.395
289.401
289.396
289.391
289.383
289.374
289.364
289.354
289.343
289.331
289.318
289.304
289.289
289.273
289.255
289.236
289.216
289.193
289.169
289.144
289.116
289.086
289.053
289.018
288.98
288.94
288.896
288.849
288.798
288.744
288.686
288.624
288.558
288.487
288.411
288.331
288.246
288.156
288.061
287.96
287.855
287.744
287.629
287.508
287.383
287.253
287.118
286.98
286.838
286.692
286.544
286.393
286.241
286.086
285.931
285.775
285.619
285.463
285.309
285.155
285.004
284.855
284.708
284.565
284.426
284.29
284.159
284.033
283.913
283.799
283.691
283.591
283.499
283.416
283.361
289.737
289.731
289.724
289.715
289.704
289.692
289.68
289.667
289.652
289.637
289.62
289.602
289.583
289.562
289.539
289.514
289.488
289.459
289.428
289.395
289.359
289.32
289.278
289.233
289.185
289.133
289.077
289.017
288.953
288.885
288.812
288.734
288.652
288.564
288.471
288.373
288.27
288.161
288.047
287.927
287.803
287.673
287.539
287.401
287.258
287.111
286.961
286.808
286.653
286.495
286.336
286.176
286.015
285.855
285.695
285.536
285.378
285.222
285.069
284.918
284.77
284.626
284.485
284.348
284.216
284.089
283.967
283.85
283.739
283.635
283.539
283.451
283.371
283.321
290.115
290.107
290.1
290.088
290.074
290.061
290.046
290.03
290.013
289.994
289.974
289.952
289.928
289.903
289.875
289.846
289.814
289.779
289.742
289.701
289.658
289.611
289.561
289.507
289.449
289.387
289.321
289.25
289.174
289.093
289.008
288.917
288.82
288.718
288.611
288.498
288.379
288.255
288.126
287.991
287.851
287.707
287.559
287.406
287.25
287.091
286.929
286.765
286.6
286.433
286.267
286.1
285.934
285.769
285.605
285.444
285.285
285.129
284.976
284.826
284.681
284.539
284.401
284.268
284.139
284.016
283.898
283.785
283.678
283.578
283.485
283.401
283.324
283.276
290.536
290.526
290.517
290.503
290.486
290.469
290.451
290.432
290.411
290.388
290.363
290.337
290.308
290.277
290.243
290.207
290.168
290.126
290.08
290.032
289.979
289.923
289.862
289.798
289.728
289.654
289.575
289.491
289.401
289.306
289.205
289.099
288.986
288.868
288.744
288.614
288.479
288.338
288.192
288.041
287.886
287.726
287.562
287.396
287.226
287.055
286.881
286.707
286.533
286.358
286.184
286.012
285.841
285.673
285.507
285.345
285.185
285.03
284.878
284.731
284.588
284.449
284.315
284.185
284.061
283.941
283.827
283.719
283.616
283.52
283.43
283.35
283.275
283.23
291.002
290.99
290.978
290.96
290.94
290.919
290.897
290.873
290.847
290.819
290.789
290.756
290.72
290.682
290.641
290.597
290.549
290.498
290.443
290.384
290.32
290.252
290.179
290.101
290.018
289.93
289.836
289.736
289.63
289.518
289.4
289.276
289.145
289.009
288.867
288.719
288.565
288.406
288.242
288.074
287.902
287.726
287.548
287.367
287.185
287.001
286.817
286.633
286.451
286.269
286.09
285.913
285.739
285.568
285.402
285.239
285.08
284.926
284.777
284.632
284.492
284.357
284.227
284.102
283.981
283.866
283.757
283.652
283.554
283.461
283.375
283.298
283.225
283.182
291.515
291.499
291.483
291.461
291.437
291.411
291.383
291.353
291.321
291.286
291.249
291.208
291.165
291.118
291.067
291.013
290.955
290.892
290.825
290.753
290.676
290.594
290.506
290.413
290.314
290.208
290.097
289.979
289.854
289.723
289.586
289.442
289.291
289.135
288.973
288.805
288.632
288.454
288.272
288.086
287.897
287.706
287.513
287.319
287.124
286.929
286.736
286.544
286.354
286.167
285.983
285.803
285.628
285.456
285.289
285.127
284.971
284.819
284.672
284.531
284.395
284.264
284.138
284.018
283.902
283.791
283.686
283.586
283.492
283.403
283.32
283.246
283.176
283.134
292.074
292.054
292.034
292.006
291.975
291.943
291.909
291.872
291.832
291.789
291.742
291.692
291.638
291.581
291.519
291.452
291.381
291.304
291.223
291.136
291.043
290.944
290.838
290.727
290.609
290.484
290.352
290.213
290.068
289.915
289.756
289.59
289.419
289.241
289.057
288.869
288.676
288.478
288.278
288.075
287.869
287.663
287.456
287.249
287.043
286.839
286.638
286.439
286.244
286.053
285.866
285.685
285.508
285.337
285.171
285.012
284.857
284.709
284.566
284.429
284.297
284.171
284.05
283.934
283.823
283.717
283.616
283.521
283.43
283.345
283.266
283.194
283.126
283.086
292.681
292.655
292.629
292.595
292.556
292.516
292.473
292.427
292.377
292.323
292.266
292.204
292.138
292.067
291.991
291.909
291.822
291.729
291.63
291.525
291.413
291.294
291.169
291.036
290.896
290.749
290.594
290.432
290.263
290.087
289.905
289.716
289.521
289.32
289.115
288.905
288.692
288.475
288.257
288.037
287.816
287.595
287.376
287.158
286.943
286.731
286.523
286.32
286.121
285.927
285.74
285.558
285.382
285.213
285.05
284.893
284.742
284.598
284.459
284.327
284.2
284.078
283.962
283.851
283.745
283.644
283.548
283.456
283.37
283.289
283.212
283.143
283.078
283.038
293.336
293.302
293.268
293.225
293.177
293.127
293.073
293.016
292.954
292.887
292.816
292.74
292.658
292.571
292.478
292.378
292.273
292.16
292.041
291.914
291.78
291.639
291.489
291.333
291.168
290.996
290.816
290.629
290.434
290.233
290.026
289.812
289.593
289.37
289.142
288.911
288.678
288.443
288.207
287.971
287.736
287.504
287.273
287.047
286.824
286.606
286.394
286.187
285.986
285.792
285.605
285.425
285.251
285.085
284.925
284.772
284.626
284.486
284.353
284.225
284.103
283.987
283.876
283.77
283.669
283.573
283.481
283.394
283.311
283.233
283.16
283.094
283.03
282.992
294.037
293.994
293.949
293.895
293.835
293.772
293.706
293.634
293.557
293.474
293.387
293.293
293.193
293.086
292.972
292.852
292.724
292.588
292.445
292.294
292.135
291.967
291.792
291.608
291.416
291.217
291.01
290.795
290.574
290.346
290.112
289.874
289.631
289.384
289.134
288.883
288.631
288.379
288.127
287.878
287.631
287.388
287.149
286.915
286.688
286.466
286.251
286.043
285.843
285.65
285.464
285.287
285.117
284.954
284.799
284.651
284.509
284.375
284.247
284.125
284.009
283.898
283.792
283.691
283.595
283.504
283.416
283.333
283.254
283.18
283.11
283.046
282.984
282.947
294.781
294.725
294.668
294.6
294.526
294.447
294.364
294.275
294.18
294.078
293.97
293.855
293.733
293.603
293.466
293.32
293.167
293.005
292.834
292.655
292.468
292.271
292.067
291.854
291.632
291.403
291.167
290.924
290.675
290.42
290.16
289.896
289.629
289.36
289.09
288.82
288.55
288.283
288.018
287.757
287.5
287.249
287.004
286.766
286.535
286.312
286.097
285.89
285.691
285.501
285.319
285.145
284.98
284.822
284.672
284.53
284.394
284.265
284.143
284.027
283.916
283.811
283.71
283.615
283.523
283.436
283.353
283.274
283.199
283.128
283.061
283
282.939
282.903
295.562
295.491
295.418
295.333
295.24
295.143
295.04
294.93
294.812
294.688
294.556
294.416
294.268
294.112
293.946
293.773
293.59
293.398
293.197
292.987
292.768
292.541
292.304
292.06
291.807
291.548
291.281
291.009
290.731
290.449
290.164
289.876
289.586
289.297
289.008
288.721
288.436
288.156
287.88
287.61
287.347
287.09
286.842
286.602
286.37
286.147
285.934
285.729
285.534
285.348
285.171
285.003
284.843
284.691
284.547
284.41
284.28
284.158
284.041
283.931
283.826
283.726
283.631
283.541
283.454
283.372
283.293
283.218
283.146
283.079
283.014
282.955
282.896
282.861
296.373
296.283
296.19
296.084
295.97
295.849
295.722
295.587
295.444
295.292
295.132
294.963
294.785
294.598
294.402
294.196
293.981
293.756
293.522
293.278
293.026
292.765
292.495
292.218
291.934
291.643
291.346
291.045
290.739
290.431
290.121
289.811
289.501
289.193
288.887
288.586
288.29
287.999
287.715
287.439
287.172
286.913
286.663
286.424
286.194
285.974
285.764
285.564
285.374
285.193
285.022
284.86
284.706
284.56
284.423
284.292
284.169
284.053
283.942
283.838
283.739
283.644
283.555
283.469
283.388
283.31
283.235
283.164
283.096
283.031
282.969
282.912
282.855
282.821
297.201
297.089
296.971
296.84
296.699
296.551
296.396
296.231
296.058
295.875
295.683
295.482
295.27
295.049
294.818
294.578
294.327
294.067
293.797
293.518
293.23
292.935
292.631
292.321
292.004
291.682
291.356
291.027
290.695
290.363
290.031
289.701
289.373
289.049
288.731
288.418
288.113
287.815
287.527
287.248
286.979
286.72
286.473
286.236
286.009
285.794
285.59
285.396
285.212
285.038
284.873
284.718
284.571
284.432
284.301
284.178
284.061
283.951
283.847
283.748
283.655
283.566
283.482
283.401
283.324
283.25
283.179
283.112
283.047
282.985
282.926
282.871
282.816
282.782
298.031
297.89
297.744
297.582
297.411
297.231
297.043
296.845
296.638
296.42
296.192
295.955
295.707
295.449
295.181
294.903
294.615
294.318
294.011
293.696
293.373
293.042
292.705
292.362
292.014
291.663
291.309
290.954
290.599
290.245
289.894
289.546
289.204
288.868
288.54
288.219
287.909
287.608
287.318
287.039
286.772
286.516
286.272
286.04
285.82
285.611
285.413
285.226
285.05
284.883
284.726
284.578
284.438
284.307
284.183
284.067
283.957
283.853
283.755
283.662
283.574
283.491
283.411
283.336
283.263
283.193
283.126
283.062
283.001
282.941
282.885
282.832
282.778
282.745
298.839
298.665
298.485
298.289
298.082
297.867
297.642
297.407
297.162
296.907
296.641
296.365
296.079
295.782
295.476
295.159
294.834
294.499
294.156
293.805
293.447
293.082
292.712
292.339
291.962
291.583
291.204
290.826
290.45
290.078
289.711
289.35
288.997
288.653
288.318
287.994
287.681
287.38
287.092
286.816
286.553
286.303
286.065
285.84
285.627
285.426
285.236
285.057
284.889
284.73
284.581
284.441
284.309
284.185
284.069
283.959
283.856
283.758
283.667
283.58
283.497
283.419
283.345
283.273
283.205
283.139
283.076
283.015
282.956
282.9
282.845
282.794
282.742
282.71
299.597
299.386
299.166
298.932
298.687
298.433
298.169
297.895
297.611
297.316
297.011
296.695
296.37
296.035
295.69
295.336
294.974
294.603
294.224
293.838
293.447
293.051
292.651
292.249
291.845
291.442
291.041
290.643
290.25
289.864
289.485
289.115
288.755
288.407
288.07
287.746
287.434
287.137
286.853
286.583
286.326
286.083
285.854
285.637
285.433
285.241
285.06
284.891
284.731
284.581
284.441
284.309
284.185
284.068
283.959
283.856
283.759
283.668
283.582
283.501
283.424
283.351
283.281
283.214
283.15
283.088
283.028
282.97
282.914
282.86
282.808
282.759
282.708
282.677
300.269
300.018
299.757
299.482
299.197
298.903
298.599
298.286
297.962
297.629
297.285
296.932
296.57
296.198
295.817
295.428
295.03
294.625
294.213
293.795
293.373
292.948
292.521
292.093
291.666
291.243
290.824
290.41
290.005
289.608
289.222
288.847
288.484
288.135
287.8
287.479
287.173
286.881
286.605
286.343
286.095
285.861
285.642
285.435
285.241
285.058
284.888
284.727
284.577
284.436
284.304
284.181
284.064
283.955
283.853
283.757
283.667
283.582
283.502
283.426
283.354
283.286
283.22
283.158
283.097
283.039
282.983
282.928
282.874
282.823
282.772
282.725
282.675
282.645
300.815
300.522
300.219
299.905
299.582
299.25
298.909
298.559
298.2
297.831
297.454
297.067
296.671
296.267
295.853
295.431
295.002
294.566
294.124
293.677
293.227
292.776
292.325
291.875
291.429
290.989
290.556
290.131
289.717
289.315
288.925
288.549
288.189
287.843
287.513
287.198
286.9
286.618
286.351
286.099
285.862
285.639
285.43
285.235
285.051
284.88
284.719
284.569
284.428
284.296
284.173
284.057
283.949
283.847
283.752
283.662
283.578
283.499
283.425
283.354
283.288
283.224
283.163
283.104
283.048
282.993
282.939
282.887
282.837
282.787
282.738
282.693
282.644
282.615
301.19
300.859
300.519
300.171
299.815
299.452
299.081
298.702
298.315
297.919
297.514
297.099
296.676
296.243
295.801
295.351
294.893
294.429
293.96
293.487
293.013
292.539
292.067
291.599
291.138
290.685
290.242
289.811
289.393
288.989
288.601
288.229
287.873
287.535
287.213
286.909
286.621
286.35
286.094
285.855
285.63
285.419
285.222
285.038
284.866
284.705
284.555
284.415
284.284
284.162
284.047
283.939
283.839
283.744
283.656
283.573
283.495
283.421
283.352
283.287
283.225
283.166
283.109
283.054
283.001
282.949
282.899
282.849
282.801
282.754
282.706
282.663
282.615
282.587
301.35
300.991
300.626
300.255
299.879
299.498
299.11
298.714
298.31
297.896
297.473
297.039
296.594
296.138
295.672
295.197
294.713
294.223
293.729
293.233
292.736
292.242
291.753
291.271
290.798
290.337
289.889
289.456
289.039
288.638
288.256
287.891
287.544
287.216
286.906
286.614
286.339
286.081
285.839
285.613
285.401
285.203
285.019
284.847
284.687
284.537
284.398
284.268
284.146
284.033
283.926
283.827
283.733
283.646
283.564
283.487
283.415
283.347
283.283
283.223
283.165
283.11
283.057
283.006
282.956
282.908
282.86
282.813
282.767
282.722
282.676
282.634
282.587
282.56
301.257
300.89
300.521
300.15
299.776
299.396
299.009
298.613
298.206
297.786
297.353
296.906
296.444
295.968
295.48
294.98
294.472
293.957
293.438
292.919
292.403
291.891
291.388
290.896
290.416
289.951
289.503
289.072
288.66
288.267
287.894
287.541
287.207
286.892
286.596
286.318
286.058
285.814
285.587
285.375
285.177
284.993
284.822
284.662
284.514
284.375
284.247
284.127
284.015
283.91
283.812
283.72
283.634
283.553
283.477
283.406
283.34
283.277
283.218
283.162
283.109
283.058
283.009
282.961
282.914
282.869
282.824
282.779
282.735
282.691
282.647
282.607
282.56
282.535
300.891
300.551
300.213
299.874
299.53
299.178
298.815
298.437
298.041
297.626
297.189
296.731
296.252
295.755
295.242
294.715
294.179
293.638
293.095
292.554
292.018
291.493
290.979
290.48
289.998
289.534
289.09
288.666
288.264
287.882
287.522
287.183
286.864
286.566
286.286
286.024
285.78
285.552
285.341
285.143
284.96
284.79
284.631
284.484
284.348
284.221
284.102
283.992
283.889
283.793
283.703
283.618
283.539
283.465
283.395
283.33
283.269
283.211
283.157
283.105
283.056
283.009
282.963
282.919
282.875
282.832
282.789
282.747
282.704
282.663
282.62
282.581
282.535
282.511
300.265
300.004
299.747
299.484
299.209
298.917
298.601
298.256
297.879
297.469
297.025
296.55
296.047
295.519
294.972
294.412
293.843
293.271
292.702
292.139
291.587
291.05
290.53
290.029
289.549
289.091
288.656
288.244
287.855
287.489
287.146
286.824
286.523
286.241
285.979
285.735
285.508
285.297
285.101
284.919
284.751
284.594
284.449
284.314
284.189
284.073
283.965
283.864
283.771
283.683
283.6
283.522
283.45
283.381
283.317
283.258
283.201
283.149
283.099
283.051
283.006
282.963
282.92
282.879
282.838
282.797
282.757
282.716
282.676
282.636
282.594
282.557
282.512
282.489
299.445
299.338
299.229
299.097
298.932
298.726
298.471
298.161
297.796
297.377
296.909
296.397
295.85
295.275
294.681
294.076
293.468
292.862
292.266
291.683
291.117
290.573
290.051
289.553
289.08
288.633
288.212
287.815
287.444
287.096
286.772
286.469
286.187
285.925
285.682
285.456
285.247
285.052
284.872
284.706
284.551
284.408
284.276
284.153
284.039
283.934
283.836
283.744
283.659
283.579
283.503
283.432
283.366
283.303
283.245
283.19
283.138
283.09
283.044
283.001
282.959
282.919
282.88
282.841
282.803
282.764
282.726
282.688
282.649
282.61
282.57
282.534
282.489
282.468
298.626
298.759
298.867
298.912
298.881
298.763
298.554
298.253
297.865
297.401
296.873
296.294
295.677
295.036
294.382
293.725
293.073
292.433
291.812
291.213
290.639
290.092
289.574
289.084
288.623
288.191
287.786
287.408
287.056
286.728
286.423
286.14
285.878
285.634
285.409
285.201
285.008
284.829
284.664
284.512
284.371
284.24
284.119
284.007
283.904
283.808
283.719
283.636
283.558
283.485
283.416
283.351
283.289
283.232
283.178
283.128
283.081
283.037
282.995
282.955
282.916
282.879
282.843
282.806
282.77
282.734
282.698
282.661
282.624
282.587
282.547
282.512
282.468
282.449
298.038
298.494
298.867
299.103
299.186
299.117
298.902
298.553
298.087
297.529
296.903
296.227
295.522
294.802
294.082
293.373
292.681
292.013
291.373
290.764
290.187
289.643
289.133
288.655
288.208
287.792
287.404
287.045
286.711
286.402
286.116
285.851
285.606
285.38
285.171
284.978
284.8
284.635
284.483
284.343
284.214
284.094
283.983
283.881
283.786
283.698
283.617
283.541
283.469
283.402
283.339
283.279
283.222
283.169
283.12
283.073
283.03
282.989
282.95
282.913
282.878
282.843
282.809
282.775
282.741
282.707
282.672
282.637
282.601
282.565
282.526
282.492
282.447
282.431
297.837
298.694
299.353
299.746
299.875
299.776
299.478
299.008
298.403
297.707
296.951
296.161
295.358
294.56
293.778
293.022
292.297
291.608
290.957
290.344
289.769
289.233
288.733
288.268
287.837
287.437
287.067
286.725
286.409
286.117
285.847
285.599
285.37
285.159
284.964
284.785
284.62
284.467
284.327
284.197
284.077
283.967
283.865
283.77
283.683
283.603
283.528
283.458
283.392
283.33
283.271
283.215
283.163
283.113
283.067
283.024
282.984
282.946
282.91
282.876
282.843
282.81
282.778
282.746
282.714
282.681
282.648
282.614
282.579
282.544
282.506
282.473
282.428
282.414
298.122
299.461
300.387
300.835
300.891
300.664
300.199
299.535
298.741
297.879
296.981
296.073
295.176
294.306
293.471
292.678
291.929
291.227
290.57
289.958
289.39
288.863
288.375
287.924
287.508
287.124
286.771
286.445
286.145
285.868
285.614
285.38
285.165
284.967
284.785
284.618
284.463
284.321
284.19
284.07
283.959
283.856
283.761
283.674
283.593
283.519
283.449
283.384
283.323
283.266
283.211
283.159
283.11
283.064
283.021
282.981
282.943
282.908
282.874
282.842
282.811
282.781
282.75
282.72
282.689
282.658
282.626
282.593
282.559
282.525
282.488
282.455
282.41
282.399
298.958
300.866
301.97
302.283
302.118
301.676
300.967
300.049
299.04
298.007
296.971
295.952
294.973
294.044
293.168
292.348
291.584
290.874
290.217
289.61
289.05
288.534
288.059
287.622
287.22
286.851
286.512
286.201
285.915
285.653
285.412
285.191
284.988
284.801
284.63
284.472
284.328
284.194
284.072
283.959
283.855
283.759
283.671
283.59
283.514
283.445
283.38
283.32
283.263
283.209
283.158
283.109
283.063
283.019
282.979
282.941
282.906
282.873
282.842
282.812
282.782
282.754
282.725
282.696
282.666
282.636
282.605
282.574
282.54
282.507
282.47
282.439
282.393
282.384
300.385
302.961
304.031
303.923
303.418
302.71
301.695
300.489
299.268
298.077
296.915
295.802
294.756
293.782
292.876
292.038
291.265
290.554
289.9
289.3
288.749
288.244
287.782
287.358
286.97
286.614
286.288
285.99
285.717
285.466
285.237
285.027
284.834
284.657
284.495
284.346
284.21
284.084
283.969
283.862
283.765
283.675
283.592
283.515
283.445
283.38
283.319
283.263
283.209
283.159
283.11
283.064
283.02
282.979
282.941
282.906
282.873
282.842
282.812
282.784
282.756
282.729
282.701
282.674
282.645
282.616
282.586
282.555
282.523
282.49
282.454
282.423
282.377
282.371
302.448
305.78
306.399
305.555
304.68
303.689
302.316
300.821
299.416
298.089
296.819
295.63
294.535
293.528
292.602
291.753
290.976
290.267
289.618
289.026
288.485
287.991
287.54
287.128
286.752
286.408
286.094
285.807
285.544
285.305
285.085
284.884
284.7
284.532
284.378
284.236
284.107
283.988
283.878
283.778
283.685
283.6
283.522
283.45
283.383
283.322
283.265
283.212
283.162
283.114
283.068
283.024
282.982
282.943
282.907
282.874
282.842
282.813
282.785
282.758
282.732
282.706
282.68
282.653
282.626
282.598
282.569
282.538
282.507
282.475
282.438
282.408
282.361
282.359
305.237
309.304
308.812
307.004
305.852
304.559
302.795
301.046
299.495
298.053
296.695
295.45
294.318
293.288
292.348
291.494
290.717
290.011
289.369
288.785
288.253
287.769
287.329
286.927
286.562
286.229
285.925
285.647
285.395
285.164
284.953
284.76
284.584
284.423
284.275
284.14
284.016
283.903
283.799
283.703
283.615
283.534
283.46
283.392
283.329
283.271
283.217
283.167
283.119
283.073
283.029
282.987
282.948
282.911
282.877
282.844
282.815
282.787
282.76
282.735
282.71
282.685
282.66
282.634
282.608
282.581
282.552
282.523
282.491
282.46
282.424
282.395
282.346
282.347
308.913
313.397
310.963
308.197
306.922
305.28
303.127
301.181
299.519
297.981
296.555
295.268
294.112
293.065
292.118
291.261
290.486
289.785
289.149
288.573
288.05
287.575
287.144
286.752
286.396
286.072
285.777
285.508
285.264
285.04
284.837
284.651
284.482
284.327
284.185
284.056
283.937
283.828
283.729
283.637
283.553
283.476
283.405
283.34
283.28
283.225
283.174
283.126
283.08
283.037
282.995
282.955
282.917
282.881
282.849
282.818
282.789
282.763
282.738
282.714
282.69
282.666
282.642
282.617
282.591
282.565
282.537
282.508
282.477
282.446
282.41
282.382
282.332
282.337
313.692
317.759
312.6
309.164
307.884
305.83
303.332
301.251
299.502
297.885
296.408
295.092
293.917
292.86
291.909
291.052
290.28
289.584
288.954
288.385
287.871
287.404
286.982
286.598
286.25
285.934
285.647
285.386
285.149
284.932
284.735
284.556
284.392
284.242
284.106
283.981
283.867
283.762
283.666
283.578
283.498
283.424
283.356
283.293
283.236
283.183
283.135
283.089
283.045
283.003
282.963
282.925
282.888
282.854
282.823
282.793
282.766
282.741
282.717
282.694
282.671
282.648
282.625
282.601
282.576
282.55
282.523
282.494
282.464
282.433
282.397
282.369
282.319
282.327
319.746
321.954
313.627
309.986
308.719
306.21
303.443
301.275
299.453
297.773
296.26
294.924
293.736
292.672
291.718
290.863
290.095
289.403
288.78
288.219
287.711
287.253
286.838
286.462
286.122
285.813
285.533
285.278
285.047
284.837
284.645
284.471
284.312
284.167
284.035
283.914
283.804
283.703
283.611
283.526
283.448
283.377
283.312
283.252
283.197
283.146
283.099
283.055
283.014
282.973
282.934
282.897
282.862
282.829
282.799
282.771
282.745
282.721
282.698
282.676
282.653
282.631
282.609
282.586
282.561
282.536
282.509
282.481
282.451
282.421
282.385
282.358
282.306
282.318
327.045
325.519
314.128
310.729
309.391
306.442
303.49
301.263
299.379
297.65
296.111
294.76
293.563
292.495
291.541
290.689
289.925
289.24
288.623
288.069
287.569
287.118
286.71
286.342
286.008
285.706
285.432
285.183
284.958
284.753
284.566
284.396
284.242
284.101
283.973
283.855
283.748
283.651
283.561
283.479
283.404
283.335
283.272
283.214
283.161
283.112
283.067
283.025
282.985
282.946
282.908
282.872
282.838
282.807
282.778
282.75
282.726
282.702
282.68
282.659
282.637
282.616
282.594
282.572
282.548
282.523
282.497
282.469
282.44
282.41
282.374
282.347
282.294
282.31
335.284
328.081
314.318
311.423
309.878
306.551
303.487
301.218
299.28
297.515
295.957
294.596
293.394
292.326
291.375
290.528
289.77
289.092
288.483
287.936
287.443
286.999
286.598
286.236
285.908
285.612
285.343
285.1
284.879
284.678
284.496
284.33
284.179
284.042
283.917
283.803
283.699
283.604
283.517
283.437
283.364
283.297
283.236
283.18
283.129
283.082
283.038
282.997
282.958
282.92
282.884
282.849
282.816
282.786
282.758
282.731
282.707
282.685
282.664
282.643
282.622
282.602
282.581
282.559
282.535
282.511
282.485
282.458
282.429
282.399
282.363
282.337
282.283
282.302
343.965
329.44
314.346
312.049
310.191
306.563
303.435
301.128
299.148
297.36
295.793
294.431
293.231
292.168
291.224
290.384
289.634
288.962
288.36
287.82
287.333
286.895
286.5
286.144
285.821
285.53
285.266
285.027
284.81
284.613
284.434
284.272
284.124
283.99
283.867
283.756
283.654
283.561
283.476
283.399
283.328
283.263
283.203
283.149
283.099
283.053
283.011
282.971
282.933
282.897
282.862
282.828
282.796
282.766
282.739
282.714
282.691
282.669
282.648
282.629
282.609
282.588
282.568
282.546
282.524
282.5
282.474
282.447
282.418
282.389
282.353
282.327
282.272
282.295
352.503
329.889
314.229
312.48
310.315
306.473
303.311
300.987
298.991
297.2
295.638
294.282
293.089
292.033
291.095
290.262
289.518
288.852
288.256
287.721
287.24
286.807
286.416
286.064
285.746
285.458
285.198
284.963
284.749
284.555
284.38
284.22
284.075
283.943
283.823
283.714
283.614
283.523
283.44
283.365
283.295
283.232
283.174
283.121
283.072
283.028
282.986
282.948
282.911
282.875
282.841
282.808
282.777
282.748
282.722
282.697
282.675
282.655
282.634
282.615
282.596
282.576
282.556
282.535
282.513
282.489
282.464
282.437
282.408
282.379
282.344
282.318
282.261
282.288
358.942
330.187
314.045
312.559
310.223
306.308
303.162
300.845
298.85
297.064
295.509
294.158
292.971
291.92
290.988
290.16
289.421
288.76
288.168
287.637
287.16
286.731
286.345
285.996
285.681
285.397
285.139
284.907
284.696
284.505
284.331
284.174
284.031
283.901
283.783
283.676
283.578
283.489
283.408
283.333
283.266
283.203
283.147
283.095
283.047
283.004
282.964
282.926
282.89
282.855
282.821
282.789
282.759
282.731
282.706
282.682
282.661
282.641
282.621
282.603
282.584
282.565
282.545
282.524
282.502
282.479
282.454
282.428
282.399
282.37
282.335
282.309
282.251
282.282
)
;

boundaryField
{
    inlet
    {
        type            freestreamPressure;
        value           nonuniform List<scalar> 
230
(
277.8
277.804
277.81
277.817
277.824
277.832
277.84
277.848
277.857
277.866
277.876
277.886
277.897
277.909
277.922
277.935
277.948
277.963
277.979
277.995
278.013
278.031
278.051
278.072
278.094
278.118
278.143
278.169
278.198
278.228
278.26
278.293
278.329
278.368
278.408
278.451
278.497
278.546
278.597
278.651
278.709
278.769
278.833
278.9
278.971
279.045
279.122
279.203
279.287
279.375
279.465
279.558
279.654
279.751
279.851
279.952
280.053
280.155
280.256
280.356
280.454
280.55
280.642
280.729
280.811
280.886
280.955
281.015
281.065
281.105
281.133
281.149
281.148
281.149
282.039
281.154
280.376
279.707
279.144
278.678
278.298
277.993
277.752
277.565
277.424
277.322
277.252
277.209
277.187
277.182
277.192
277.212
277.239
277.272
277.308
277.345
277.382
277.419
277.453
277.486
277.516
277.544
277.571
277.596
277.62
277.642
277.663
277.682
277.701
277.718
277.734
277.749
277.764
277.777
277.79
282.996
283.882
284.662
285.335
285.904
286.382
286.779
287.106
287.373
287.59
287.764
287.904
288.014
288.1
288.166
288.216
288.252
288.278
288.294
288.304
288.308
288.308
288.305
288.299
288.291
288.282
288.272
288.262
288.251
288.241
288.23
288.22
288.21
288.2
288.191
288.182
288.173
288.165
288.158
288.15
288.143
288.138
288.134
288.13
288.127
288.122
288.118
288.113
288.108
288.103
288.097
288.091
288.085
288.078
288.07
288.062
288.054
288.045
288.035
288.024
288.013
288.001
287.987
287.973
287.958
287.942
287.924
287.905
287.884
287.862
287.838
287.812
287.784
287.753
287.721
287.685
287.647
287.606
287.561
287.513
287.462
287.406
287.346
287.282
287.213
287.139
287.06
286.976
286.886
286.79
286.689
286.581
286.468
286.35
286.225
286.095
285.961
285.821
285.677
285.53
285.38
285.228
285.075
284.922
284.769
284.618
284.471
284.327
284.188
284.056
283.93
283.812
283.702
283.607
283.496
)
;
    }
    outlet
    {
        type            freestreamPressure;
        value           nonuniform List<scalar> 
96
(
282.276
282.272
282.267
282.261
282.256
282.25
282.243
282.235
282.227
282.217
282.206
282.193
282.178
282.16
282.139
282.116
282.09
282.063
282.035
282.007
281.98
281.955
281.93
281.905
281.88
281.853
281.826
281.798
281.768
281.738
281.706
281.673
281.639
281.604
281.569
281.533
281.496
281.459
281.422
281.385
281.349
281.314
281.281
281.249
281.22
281.193
281.174
281.149
283.496
283.481
283.46
283.445
283.435
283.42
283.395
283.361
283.321
283.276
283.23
283.182
283.134
283.086
283.038
282.992
282.947
282.903
282.861
282.821
282.782
282.745
282.71
282.677
282.645
282.615
282.587
282.56
282.535
282.511
282.489
282.468
282.449
282.431
282.414
282.399
282.384
282.371
282.359
282.347
282.337
282.327
282.318
282.31
282.302
282.295
282.288
282.282
)
;
    }
    walls
    {
        type            zeroGradient;
    }
    frontAndBack
    {
        type            empty;
    }
}


// ************************************************************************* //
